0
4.30816e-06
5.32025e-07
6.00461e-08
7.40577e-07
3.18709e-07
4.76876e-08
9.5452e-07
9.07831e-07
2.78426e-11
2.54825e-06
2.2099e-05
6.2249e-06
3.68236e-06
6.74408e-07
6.98402e-07
2.39294e-06
3.46332e-08
3.46332e-08
3.59823e-06
1.48089e-05
8.21711e-06
3.53428e-06
3.48252e-06
1.03458e-06
3.07818e-09
3.15894e-06
3.55869e-06
5.55322e-06
9.83153e-06
6.4298e-06
8.1504e-07
5.427e-07
4.24297e-09
6.92099e-06
1.43512e-05
5.04665e-07
3.32236e-06
2.36489e-05
4.84107e-05
9.49301e-05
1.7894e-05
0.000311411
0.0580117
2.72228e-05
