0
2.22474e-05
1.43888e-05
5.95073e-06
0.00010801
0.000169255
0.00105251
0.000186027
4.48014e-05
4.28033e-05
0.000665157
0.000282711
0.000540329
0.000121397
8.33986e-05
1.57882e-05
1.76362e-06
3.06251e-05
5.52667e-05
0.000858668
0.000461482
3.38253e-05
0.000136918
0.00026893
0.000202669
0.00042074
0.000238265
8.58029e-06
0.000556636
0.00109291
0.000127501
3.08407e-05
2.24702e-06
6.41138e-05
0.000285469
0.00073637
0.000146864
0.000459213
3.79523e-06
0.00119633
0.000107511
0.000212284
3.73951e-05
0.376628
3.75481
