4.81482e-35
7.31957e-07
5.98019e-07
1.11602e-06
1.80497e-06
1.41145e-07
1.42245e-06
1.57634e-06
1.60266e-07
6.5447e-07
2.15559e-06
8.42502e-06
5.24497e-06
1.88705e-06
7.09403e-08
2.37551e-06
3.97088e-07
4.50058e-07
4.50058e-07
2.37362e-06
6.54707e-06
4.28667e-06
5.59326e-07
2.30007e-06
2.20759e-07
7.80104e-08
2.49147e-06
4.29829e-06
3.519e-06
9.59828e-06
5.21703e-06
2.85927e-07
1.37867e-06
1.83453e-07
4.24132e-06
1.1254e-05
3.75197e-07
2.87565e-06
1.82191e-05
3.04388e-05
5.34507e-05
1.21375e-05
4.66358e-05
0.0725552
0.000108323
