5.23745e-32
6.38164e-06
0.000143474
0.000117945
0.000243166
0.000162155
0.000256455
3.92632e-07
0.000230146
0.000237016
0.00133007
0.000468773
0.000790308
9.73268e-05
1.3875e-07
7.51763e-06
6.57142e-05
0.000154669
0.000168922
0.00163638
0.000814916
2.48522e-05
0.000356154
0.000589574
0.000280531
0.000358083
0.000171132
3.52409e-05
0.000633456
0.00119595
9.49334e-05
1.91324e-06
1.68792e-05
0.000144092
0.000337687
0.000890214
0.000169104
0.000530546
1.38495e-05
0.00200484
0.00011481
0.000379971
1.69706e-05
8.28951
0.0191284
