0.000000000000000e+00      _BEG_ 7.038843791683235e-22 1.507718646112655e-22 1.355252715606881e-22 7.115076756936123e-23
1.023319085100000e+00    MXQ1S01 -1.450284537744347e-11 -1.279840077188273e-11 1.253290243415192e-07 3.854406559280965e-07
4.385342385099980e+00         D0 -5.753136697537998e-11 -1.279840077188273e-11 1.421189490339055e-06 3.854406559280965e-07
4.385342385099980e+00    IPM1S00 -5.753136697537998e-11 -1.279840077188273e-11 1.421189490339055e-06 3.854406559280965e-07
4.846262755100013e+00         D1 -6.343041059450371e-11 -1.279840077188273e-11 1.598846940082488e-06 3.854406559280965e-07
5.854516279700013e+00    MXJ1S03 -5.984801200540484e-11 2.164373949497078e-11 1.832951825156496e-06 -5.105170410438210e-08
6.419949889699970e+00         D2 -4.760991424890184e-11 2.164373949497078e-11 1.804085475808106e-06 -5.105170410438210e-08
6.419949889699970e+00    IPM1S01 -4.760991424890184e-11 2.164373949497078e-11 1.804085475808106e-06 -5.105170410438210e-08
6.718399889700007e+00         D3 -4.115034019651798e-11 2.164373949497078e-11 1.788849094718152e-06 -5.105170410438210e-08
6.868399889700007e+00    MQB1S01 -3.833870040966696e-11 1.591318229121913e-11 1.761256351752014e-06 -3.161717476419354e-07
7.059153889699977e+00         D4 -3.530319723498045e-11 1.591318229121913e-11 1.700945326202333e-06 -3.161717476419354e-07
7.059153889699977e+00   MBT1S01H -3.530319723498045e-11 1.591318229121913e-11 1.700945326202333e-06 -3.161717476419354e-07
7.254987889699968e+00         D5 -3.218685509414406e-11 1.591318229121913e-11 1.639028148174626e-06 -3.161717476419354e-07
7.254987889699968e+00   MBT1S01V -3.218685509414406e-11 1.591318229121913e-11 1.639028148174626e-06 1.087628372434673e-05
7.748509889700009e+00         D6 -2.433334954330692e-11 1.591318229121913e-11 7.006713444382117e-06 1.087628372434673e-05
7.748509889700009e+00    ITV1S01 -2.433334954330692e-11 1.591318229121913e-11 7.006713444382117e-06 1.087628372434673e-05
1.262364978969998e+01         D7 5.324564038061610e-11 1.591318229121913e-11 6.003011819266513e-05 1.087628372434673e-05
1.262364978969998e+01    IPM1S02 5.324564038061610e-11 1.591318229121913e-11 6.003011819266513e-05 1.087628372434673e-05
1.292209978970001e+01         D8 5.799492963548037e-11 1.591318229121913e-11 6.327614507019682e-05 1.087628372434673e-05
1.307209978970002e+01    MQL1S02 5.901682029768487e-11 -2.340246108066633e-12 6.642721349120429e-05 3.130664756479115e-05
1.326285378969999e+01         D9 5.857040899124536e-11 -2.340246108066633e-12 7.239908174077753e-05 3.130664756479115e-05
1.326285378969999e+01   MBT1S02H 5.857040899124536e-11 -2.340246108066633e-12 7.239908174077753e-05 3.130664756479115e-05
1.345868778969998e+01        D10 5.811210923483746e-11 -2.340246108066633e-12 7.852998775998056e-05 3.130664756479115e-05
1.345868778969998e+01   MBT1S02V 5.811210923483746e-11 -2.340246108066633e-12 7.852998775998056e-05 -9.499111630919428e-06
1.442995085970000e+01        D11 5.583911461512525e-11 -2.340246108066633e-12 6.930385143506087e-05 -9.499111630919428e-06
1.442995085970000e+01    IPM1S03 5.583911461512525e-11 -2.340246108066633e-12 6.930385143506087e-05 -9.499111630919428e-06
1.465340085969996e+01        D12 5.531618662269985e-11 -2.340246108066633e-12 6.718127494113222e-05 -9.499111630919428e-06
1.495340085969996e+01    MQN1S03 5.922010017351371e-11 2.874354998156861e-11 5.884819616188111e-05 -4.531397224800541e-05
1.554713232970007e+01        D13 7.628605035724675e-11 2.874354998156861e-11 3.194386480752885e-05 -4.531397224800541e-05
1.656048286930007e+01    MXI1S05 1.050647722002714e-10 2.087324261909745e-11 -1.319794306338667e-05 -4.511013711994100e-05
1.693822970930008e+01        D14 1.129495736404505e-10 2.087324261909745e-11 -3.023815481241163e-05 -4.511013711994100e-05
1.795158024890008e+01    MXI1S06 1.210224743421515e-10 2.784838505923941e-13 -7.483926812554445e-05 -4.450996618726967e-05
1.860505024890006e+01        D15 1.212044551838023e-10 2.784838505923941e-13 -1.039251957299388e-04 -4.450996618726967e-05
1.890505024890006e+01    MQN1S04 1.275795013230070e-10 4.259857891630240e-11 -1.119127441673484e-04 -8.310811950244829e-06
1.979975024890006e+01        D16 1.656924498792786e-10 4.259857891630240e-11 -1.193484276192324e-04 -8.310811950244829e-06
1.979975024890006e+01    ITV1S04 1.656924498792786e-10 4.259857891630240e-11 -1.193484276192324e-04 -8.310811950244829e-06
2.038040024890011e+01        D17 1.904273147271783e-10 4.259857891630240e-11 -1.241741005781425e-04 -8.310811950244829e-06
2.038040024890011e+01    IPM1S05 1.904273147271783e-10 4.259857891630240e-11 -1.241741005781425e-04 -8.310811950244829e-06
2.068005024890008e+01        D18 2.031919788994909e-10 4.259857891630240e-11 -1.266644353790331e-04 -8.310811950244829e-06
2.083005024890008e+01    MQL1S05 2.033896011379701e-10 -3.997689039751792e-11 -1.316654240802580e-04 -5.870220264089221e-05
2.109880024890009e+01        D19 1.926458118433889e-10 -3.997689039751792e-11 -1.474416410399984e-04 -5.870220264089221e-05
2.109880024890009e+01   MBT1S05H 1.926458118433889e-10 -3.997689039751792e-11 -1.474416410399984e-04 -5.870220264089221e-05
2.129489024890011e+01        D20 1.848067434057727e-10 -3.997689039751792e-11 -1.589525559558526e-04 -5.870220264089221e-05
2.129489024890011e+01   MBT1S05V 1.848067434057727e-10 -3.997689039751792e-11 -1.589525559558526e-04 -5.870220264089221e-05
2.268005024890007e+01        D21 1.294323539023662e-10 -3.997689039751792e-11 -2.402644989659085e-04 -5.870220264089221e-05
2.283005024890007e+01    MQB1S06 1.260590387339221e-10 -5.156479837171539e-12 -2.442487323987072e-04 5.752990729849793e-06
2.638040024890011e+01        D22 1.077517305441095e-10 -5.156479837171539e-12 -2.238236017609848e-04 5.752990729849793e-06
2.638040024890011e+01    IPM1S07 1.077517305441095e-10 -5.156479837171539e-12 -2.238236017609848e-04 5.752990729849793e-06
2.668005024889996e+01        D23 1.062065913609637e-10 -5.156479837171539e-12 -2.220997180887862e-04 5.752990729849793e-06
2.683005024889996e+01    MQL1S07 1.060898129456297e-10 3.597850723991130e-12 -2.199074843375791e-04 2.344767983039775e-05
2.729429024889998e+01        D24 1.077600791659928e-10 3.597850723991130e-12 -2.090221334531149e-04 2.344767983039775e-05
2.729429024889998e+01   MBT1S07V 1.077600791659928e-10 3.597850723991130e-12 -2.090221334531149e-04 2.344767983039775e-05
3.185811274890011e+01        D25 1.241800312521140e-10 3.597850723991130e-12 -1.020110846703463e-04 2.344767983039775e-05
3.185811274890011e+01   MAZ1S08H 1.241800312521140e-10 3.597850723991130e-12 -1.020110846703463e-04 2.344767983039775e-05
3.238040024890012e+01        D26 1.260591437122853e-10 3.597850723991130e-12 -8.976465459092740e-05 2.344767983039775e-05
3.238040024890012e+01    IPM1S08 1.260591437122853e-10 3.597850723991130e-12 -8.976465459092740e-05 2.344767983039775e-05
3.268005024889997e+01        D27 1.271372396813102e-10 3.597850723991130e-12 -8.273855732975226e-05 2.344767983039775e-05
3.283005024889997e+01    MQL1S08 1.266709716186032e-10 -9.806666239899777e-12 -7.984701103674764e-05 1.515573441501739e-05
3.309880024889998e+01        D28 1.240354300667860e-10 -9.806666239899777e-12 -7.577390741271155e-05 1.515573441501739e-05
3.309880024889998e+01   MBT1S08H 1.240354300667860e-10 -9.806666239899777e-12 -7.577390741271155e-05 1.515573441501739e-05
3.329489024890012e+01        D29 1.221124408838030e-10 -9.806666239899777e-12 -7.280201945126867e-05 1.515573441501739e-05
3.329489024890012e+01   MBT1S08V 1.221124408838030e-10 -9.806666239899777e-12 -7.280201945126867e-05 1.515573441501739e-05
3.795919204889998e+01        D30 7.637118988896977e-11 -9.806666239899777e-12 -2.111100138983219e-06 1.515573441501739e-05
3.795919204889998e+01   MAZ1S09V 7.637118988896977e-11 -9.806666239899777e-12 -2.111100138983219e-06 1.515573441501739e-05
3.838040024890012e+01        D31 7.224054165440698e-11 -9.806666239899777e-12 4.272619473646386e-06 1.515573441501739e-05
3.838040024890012e+01    IPM1S09 7.224054165440698e-11 -9.806666239899777e-12 4.272619473646386e-06 1.515573441501739e-05
3.868005024889997e+01        D32 6.930197411540663e-11 -9.806666239899777e-12 8.814035291104058e-06 1.515573441501739e-05
3.883005024889997e+01    MQL1S09 6.830764944800415e-11 -3.466239404043272e-12 1.102349211331439e-05 1.427102012356176e-05
3.929429024889998e+01        D33 6.669848246713268e-11 -3.466239404043272e-12 1.764867049547696e-05 1.427102012356176e-05
3.929429024889998e+01   MBT1S09V 6.669848246713268e-11 -3.466239404043272e-12 1.764867049547696e-05 1.427102012356176e-05
4.438040024890012e+01        D34 4.906880757182190e-11 -3.466239404043272e-12 9.023264865612749e-05 1.427102012356176e-05
4.438040024890012e+01    IPM1S10 4.906880757182190e-11 -3.466239404043272e-12 9.023264865612749e-05 1.427102012356176e-05
4.468005024889997e+01        D35 4.803014893442546e-11 -3.466239404043272e-12 9.450895983615062e-05 1.427102012356176e-05
4.483005024889997e+01    MQB1S10 4.727871677709665e-11 -6.544896589416429e-12 9.709277682663812e-05 2.020665523648726e-05
4.509880024889998e+01        D36 4.551977581868962e-11 -6.544896589416429e-12 1.025233154214443e-04 2.020665523648726e-05
4.509880024889998e+01   MBT1S10H 4.551977581868962e-11 -6.544896589416429e-12 1.025233154214443e-04 2.020665523648726e-05
4.529489024890012e+01        D37 4.423638704627797e-11 -6.544896589416429e-12 1.064856384467699e-04 2.020665523648726e-05
4.529489024890012e+01   MBT1S10V 4.423638704627797e-11 -6.544896589416429e-12 1.064856384467699e-04 2.020665523648726e-05
6.016205624890011e+01        D38 -5.306767700098756e-11 -6.544896589416429e-12 4.069013361523953e-04 2.020665523648726e-05
6.016205624890011e+01   MAZ1E01H -5.306767700098756e-11 -6.544896589416429e-12 4.069013361523953e-04 2.020665523648726e-05
6.045415624890012e+01        D39 -5.497944129499846e-11 -6.544896589416429e-12 4.128037001469733e-04 2.020665523648726e-05
6.045415624890012e+01   MAZ1E01V -5.497944129499846e-11 -6.544896589416429e-12 4.128037001469733e-04 2.020665523648726e-05
6.093046624890007e+01        D40 -5.809684098935470e-11 -6.544896589416429e-12 4.224283321026636e-04 2.020665523648726e-05
6.093046624890007e+01    IPM1E01 -5.809684098935470e-11 -6.544896589416429e-12 4.224283321026636e-04 2.020665523648726e-05
6.123005424890008e+01        D41 -6.005761346869291e-11 -6.544896589416429e-12 4.284820035316526e-04 2.020665523648726e-05
6.138005424890008e+01    MQB1E01 -6.136345292479136e-11 -1.088201142291618e-11 4.292596356066784e-04 -9.847271603004467e-06
6.164880424890009e+01        D42 -6.428799349427118e-11 -1.088201142291618e-11 4.266131813633709e-04 -9.847271603004467e-06
6.164880424890009e+01   MBT1E01H -6.428799349427118e-11 -1.088201142291618e-11 4.266131813633709e-04 -9.847271603004467e-06
6.184489424890012e+01        D43 -6.642184711431055e-11 -1.088201142291618e-11 4.246822298747375e-04 -9.847271603004467e-06
6.184489424890012e+01   MBT1E01V -6.642184711431055e-11 -1.088201142291618e-11 4.246822298747375e-04 -9.847271603004467e-06
6.220869424890020e+01        D44 -7.038072286994895e-11 -1.088201142291618e-11 4.210997924655636e-04 -9.847271603004467e-06
6.220869424890020e+01    IHA1E01 -7.038072286994895e-11 -1.088201142291618e-11 4.210997924655636e-04 -9.847271603004467e-06
6.283065424890021e+01        D45 -7.714889869464981e-11 -1.088201142291618e-11 4.149751834193589e-04 -9.847271603004467e-06
6.333072272611611e+01    MBW1E01 4.929434677456009e-11 7.246577823137524e-10 4.100595326064365e-04 -1.048675075729366e-05
6.908308572611598e+01        D46 4.217788961418458e-09 7.246577823137524e-10 3.497359355599599e-04 -1.048675075729366e-05
7.008322268054798e+01    MBX1E02 3.938242566048670e-09 -2.144653474256990e-09 3.386948093142673e-04 -1.157502347025198e-05
7.583558568054798e+01        D47 -8.398582727088625e-09 -2.144653474256990e-09 2.721110725798581e-04 -1.157502347025198e-05
7.633565415776388e+01    MBW1E03 -9.347525801243843e-09 -1.316444610946844e-09 2.661048174228156e-04 -1.199976088601591e-05
7.748540525776389e+01        D48 -1.086110944076922e-08 -1.316444610946844e-09 2.523080791443818e-04 -1.199976088601591e-05
7.748540525776389e+01    IPM1E02 -1.086110944076922e-08 -1.316444610946844e-09 2.523080791443818e-04 -1.199976088601591e-05
7.778505525776390e+01        D49 -1.125558206843927e-08 -1.316444610946844e-09 2.487123507948869e-04 -1.199976088601591e-05
7.793505525776391e+01    MQB1E02 -1.139811982247405e-08 -5.825261477477725e-10 2.481174810711792e-04 4.061728985830522e-06
7.820380525776392e+01        D50 -1.155467372468099e-08 -5.825261477477725e-10 2.492090707361212e-04 4.061728985830522e-06
7.820380525776392e+01   MBT1E02H -1.155467372468099e-08 -5.825261477477725e-10 2.492090707361212e-04 4.061728985830522e-06
7.839989525776400e+01        D51 -1.166890127699257e-08 -5.825261477477725e-10 2.500055351729530e-04 4.061728985830522e-06
7.839989525776400e+01   MBT1E02V -1.166890127699257e-08 -5.825261477477725e-10 2.500055351729530e-04 4.061728985830522e-06
9.403540125776399e+01        D52 -2.077699235526002e-08 -5.825261477477725e-10 3.135127231012801e-04 4.061728985830522e-06
9.403540125776399e+01    IPM1E03 -2.077699235526002e-08 -5.825261477477725e-10 3.135127231012801e-04 4.061728985830522e-06
9.433505125776384e+01        D53 -2.095154631543222e-08 -5.825261477477725e-10 3.147298201918836e-04 4.061728985830522e-06
9.448505125776384e+01    MQB1E03 -2.113690800781021e-08 -1.890890754985664e-09 3.138708863661838e-04 -1.550530113427447e-05
9.475380125776385e+01        D54 -2.164508489821261e-08 -1.890890754985664e-09 3.097038366863474e-04 -1.550530113427447e-05
9.475380125776385e+01   MBT1E03H -2.164508489821261e-08 -1.890890754985664e-09 3.097038366863474e-04 -1.550530113427447e-05
9.494989125776394e+01        D55 -2.201586966635763e-08 -1.890890754985664e-09 3.066634021869262e-04 -1.550530113427447e-05
9.494989125776394e+01   MBT1E03V -2.201586966635763e-08 -1.890890754985664e-09 3.066634021869262e-04 -1.550530113427447e-05
9.565144125776399e+01        D56 -2.334242407551774e-08 -1.890890754985664e-09 2.957856581761751e-04 -1.550530113427447e-05
9.565144125776399e+01    IHA1E03 -2.334242407551774e-08 -1.890890754985664e-09 2.957856581761751e-04 -1.550530113427447e-05
1.105854012577640e+02        D57 -5.158091097484405e-08 -1.890890754985664e-09 6.423011124896562e-05 -1.550530113427447e-05
1.105854012577640e+02    IPM1A01 -5.158091097484405e-08 -1.890890754985664e-09 6.423011124896562e-05 -1.550530113427447e-05
1.108850512577639e+02        D58 -5.214751638957463e-08 -1.890890754985664e-09 5.958394776408174e-05 -1.550530113427447e-05
1.110350512577639e+02    MQB1A01 -5.204493540374251e-08 3.256957665302877e-09 5.769393930881147e-05 -9.726044313106358e-06
1.113038012577640e+02        D59 -5.116962803119174e-08 3.256957665302877e-09 5.508006489966292e-05 -9.726044313106358e-06
1.113038012577640e+02   MBT1A01H -5.116962803119174e-08 3.256957665302877e-09 5.508006489966292e-05 -9.726044313106358e-06
1.114998912577640e+02        D60 -5.053097120260230e-08 3.256957665302877e-09 5.317288487030618e-05 -9.726044313106358e-06
1.114998912577640e+02   MBT1A01V -5.053097120260230e-08 3.256957665302877e-09 5.317288487030618e-05 -9.726044313106358e-06
1.120053512577640e+02        D61 -4.888470938109864e-08 3.256957665302877e-09 4.825675851180317e-05 -9.726044313106358e-06
1.120053512577640e+02    ITV1A01 -4.888470938109864e-08 3.256957665302877e-09 4.825675851180317e-05 -9.726044313106358e-06
1.137199712577640e+02        D62 -4.330026462901642e-08 3.256957665302877e-09 3.158028841166475e-05 -9.726044313106358e-06
1.138699712577640e+02    MQB1A02 -4.267709894969821e-08 5.047602623265973e-09 3.021850898819714e-05 -8.440481342910456e-06
1.165523912577640e+02        D63 -2.913730872099727e-08 5.047602623265973e-09 7.577593024347353e-06 -8.440481342910456e-06
1.175539994477640e+02    MJD1A01 -5.350303847954378e-08 -8.188314155701249e-08 -9.954016643848485e-07 -8.531079613289978e-06
1.211438414477640e+02        D64 -3.474505791328512e-07 -8.188314155701249e-08 -3.162062956551680e-05 -8.531079613289978e-06
1.211438414477640e+02    SBC1A02 -3.474505791328512e-07 -8.188314155701249e-08 -3.162062956551680e-05 -8.531079613289978e-06
1.217358414477640e+02        D65 -3.959253989346062e-07 -8.188314155701249e-08 -3.667102869658482e-05 -8.531079613289978e-06
1.217358414477640e+02    SSS1A02 -3.959253989346062e-07 -8.188314155701249e-08 -3.667102869658482e-05 -8.531079613289978e-06
1.227691914477640e+02        D66 -4.805393432625432e-07 -8.188314155701249e-08 -4.548661981497785e-05 -8.531079613289978e-06
1.227691914477640e+02    IPM1A03 -4.805393432625432e-07 -8.188314155701249e-08 -4.548661981497785e-05 -8.531079613289978e-06
1.230688414477639e+02        D67 -5.050756266300945e-07 -8.188314155701249e-08 -4.804295782109939e-05 -8.531079613289978e-06
1.232188414477639e+02    MQB1A03 -5.238977452096912e-07 -1.696191230920472e-07 -4.871680435980251e-05 -4.349342195012297e-07
1.236830814477639e+02        D68 -6.026417269139376e-07 -1.696191230920472e-07 -4.891871822186375e-05 -4.349342195012297e-07
1.236830814477639e+02   MBT1A03V -6.026417269139376e-07 -1.696191230920472e-07 -4.891871822186375e-05 -4.349342195012297e-07
1.264260014477640e+02        D69 -1.067893412025600e-06 -1.696191230920472e-07 -5.011170799121812e-05 -4.349342195012297e-07
1.264260014477640e+02    IPM1A04 -1.067893412025600e-06 -1.696191230920472e-07 -5.011170799121812e-05 -4.349342195012297e-07
1.267256514477639e+02        D70 -1.118719782260116e-06 -1.696191230920472e-07 -5.024203603009162e-05 -4.349342195012297e-07
1.268756514477639e+02    MQL1A04 -1.115847244450990e-06 2.077619212100959e-07 -5.155131017697167e-05 -1.709494526856864e-05
1.271444014477639e+02        D71 -1.060011228125786e-06 2.077619212100959e-07 -5.614557671789873e-05 -1.709494526856864e-05
1.271444014477639e+02   MBT1A04H -1.060011228125786e-06 2.077619212100959e-07 -5.614557671789873e-05 -1.709494526856864e-05
1.278459514477639e+02        D72 -9.142558523008428e-07 2.077619212100959e-07 -6.813853557106301e-05 -1.709494526856864e-05
1.278459514477639e+02    ITV1A04 -9.142558523008428e-07 2.077619212100959e-07 -6.813853557106301e-05 -1.709494526856864e-05
1.300828204477639e+02        D73 -4.495196513655357e-07 2.077619212100959e-07 -1.063776886990210e-04 -1.709494526856864e-05
1.300828204477639e+02    IPM1A05 -4.495196513655357e-07 2.077619212100959e-07 -1.063776886990210e-04 -1.709494526856864e-05
1.303824704477639e+02        D74 -3.872637916749264e-07 2.077619212100959e-07 -1.115001890487480e-04 -1.709494526856864e-05
1.305324704477639e+02    MQB1A05 -3.599026243144252e-07 1.576681869226023e-07 -1.129623504835331e-04 -2.368815891512088e-06
1.309967104477639e+02        D75 -2.867067452174736e-07 1.576681869226023e-07 -1.140620495730087e-04 -2.368815891512088e-06
1.309967104477639e+02   MBT1A05V -2.867067452174736e-07 1.576681869226023e-07 -1.140620495730087e-04 -2.368815891512088e-06
1.360473102477639e+02        D76 5.096121681201851e-07 1.576681869226023e-07 -1.260259906409165e-04 -2.368815891512088e-06
1.370489184377639e+02    MJD1A02 6.347707597855048e-07 6.482705737865162e-08 -1.266621156539676e-04 1.109502197437099e-06
1.422641104377639e+02        D77 9.728563108101901e-07 6.482705737865162e-08 -1.208758486699112e-04 1.109502197437099e-06
1.422641104377639e+02    IPM1A06 9.728563108101901e-07 6.482705737865162e-08 -1.208758486699112e-04 1.109502197437099e-06
1.425637604377639e+02        D78 9.922817385537019e-07 6.482705737865162e-08 -1.205433863364492e-04 1.109502197437099e-06
1.427137604377639e+02    MQB1A06 9.919599117258117e-07 -6.911120583732523e-08 -1.215734407179626e-04 -1.486639994257624e-05
1.429825104377639e+02        D79 9.733862751570301e-07 -6.911120583732523e-08 -1.255687857025301e-04 -1.486639994257624e-05
1.429825104377639e+02   MBT1A06H 9.733862751570301e-07 -6.911120583732523e-08 -1.255687857025301e-04 -1.486639994257624e-05
1.482286114377639e+02        D80 6.108219091026303e-07 -6.911120583732523e-08 -2.035594213076796e-04 -1.486639994257624e-05
1.492302196277639e+02    MJD1A03 5.111817040333751e-07 -1.575878347399014e-07 -2.156636036893616e-04 -9.095698120334769e-06
1.544454116277639e+02        D81 -3.106691109994804e-07 -1.575878347399014e-07 -2.630994157609465e-04 -9.095698120334769e-06
1.544454116277639e+02    IPM1A07 -3.106691109994804e-07 -1.575878347399014e-07 -2.630994157609465e-04 -9.095698120334769e-06
1.547450616277639e+02        D82 -3.578903056792864e-07 -1.575878347399014e-07 -2.658249417027045e-04 -9.095698120334769e-06
1.548950616277639e+02    MQB1A07 -3.854444273657746e-07 -2.104587848884085e-07 -2.644098626870774e-04 2.793075480174538e-05
1.553593016277639e+02        D83 -4.831478136623730e-07 -2.104587848884085e-07 -2.514432890779146e-04 2.793075480174538e-05
1.553593016277639e+02   MBT1A07V -4.831478136623730e-07 -2.104587848884085e-07 -2.514432890779146e-04 2.793075480174538e-05
1.581022196277639e+02        D84 -1.060419002990911e-06 -2.104587848884085e-07 -1.748315189786217e-04 2.793075480174538e-05
1.581022196277639e+02    IPM1A08 -1.060419002990911e-06 -2.104587848884085e-07 -1.748315189786217e-04 2.793075480174538e-05
1.584018696277638e+02        D85 -1.123482977882704e-06 -2.104587848884085e-07 -1.664620683022813e-04 2.793075480174538e-05
1.585518696277638e+02    MQB1A08 -1.133775653287804e-06 7.364851155851719e-08 -1.653230329015748e-04 -1.269641750330415e-05
1.588206196277638e+02        D86 -1.113982615806452e-06 7.364851155851719e-08 -1.687351951055879e-04 -1.269641750330415e-05
1.588206196277638e+02   MBT1A08H -1.113982615806452e-06 7.364851155851719e-08 -1.687351951055879e-04 -1.269641750330415e-05
1.617590383277638e+02        D87 -8.975724522157355e-07 7.364851155851719e-08 -2.060425857203049e-04 -1.269641750330415e-05
1.617590383277638e+02    IPM1A09 -8.975724522157355e-07 7.364851155851719e-08 -2.060425857203049e-04 -1.269641750330415e-05
1.620586883277637e+02        D88 -8.755036757272321e-07 7.364851155851719e-08 -2.098470672251688e-04 -1.269641750330415e-05
1.622086883277638e+02    MQB1A09 -8.723321158585977e-07 -3.129727633952346e-08 -2.098961903986005e-04 1.204240010714199e-05
1.626729283277638e+02        D89 -8.868615634264592e-07 -3.129727633952346e-08 -2.043056265728607e-04 1.204240010714199e-05
1.626729283277638e+02   MBT1A09V -8.868615634264592e-07 -3.129727633952346e-08 -2.043056265728607e-04 1.204240010714199e-05
1.677235443277638e+02        D90 -1.044932088063280e-06 -3.129727633952346e-08 -1.434840879133270e-04 1.204240010714199e-05
1.687251525177638e+02    MJD1A04 -1.096480678092831e-06 -1.015096937893740e-07 -1.294203325307139e-04 1.579898413939938e-05
1.711079245177638e+02        D91 -1.338355134182718e-06 -1.015096937893740e-07 -9.177495549491009e-05 1.579898413939938e-05
1.711079245177638e+02    IPM1A10 -1.338355134182718e-06 -1.015096937893740e-07 -9.177495549491009e-05 1.579898413939938e-05
1.739403445177638e+02        D92 -1.625873221065623e-06 -1.015096937893740e-07 -4.702559683879139e-05 1.579898413939938e-05
1.739403445177638e+02    IPM1A11 -1.625873221065623e-06 -1.015096937893740e-07 -4.702559683879139e-05 1.579898413939938e-05
1.742399945177638e+02        D93 -1.656290600809611e-06 -1.015096937893740e-07 -4.229143124142005e-05 1.579898413939938e-05
1.743899945177639e+02    MQB1A11 -1.647705588878859e-06 2.157057963596392e-07 -4.050587490172619e-05 8.064672743978261e-06
1.746587445177638e+02        D94 -1.589734656107215e-06 2.157057963596392e-07 -3.833849410178240e-05 8.064672743978261e-06
1.746587445177638e+02   MBT1A11H -1.589734656107215e-06 2.157057963596392e-07 -3.833849410178240e-05 8.064672743978261e-06
1.799048405177637e+02        D95 -4.581213406481162e-07 2.157057963596392e-07 3.969553321710337e-06 8.064672743978261e-06
1.809064487077637e+02    MJD1A05 -2.703932506125812e-07 1.340282718223734e-07 1.200602343025145e-05 7.844762812975868e-06
1.861216407077637e+02        D96 4.285899203692861e-07 1.340282718223734e-07 5.291796769438070e-05 7.844762812975868e-06
1.861216407077637e+02    IPM1A13 4.285899203692861e-07 1.340282718223734e-07 5.291796769438070e-05 7.844762812975868e-06
1.864212907077637e+02        D97 4.687514920208629e-07 1.340282718223734e-07 5.526865087128907e-05 7.844762812975868e-06
1.865712907077638e+02    MQB1A13 4.938567292911405e-07 2.013006396249454e-07 5.587072517547460e-05 1.691486982124332e-07
1.870355307077638e+02        D98 5.873085382306292e-07 2.013006396249454e-07 5.594925076713274e-05 1.691486982124332e-07
1.870355307077638e+02   MBT1A13V 5.873085382306292e-07 2.013006396249454e-07 5.594925076713274e-05 1.691486982124332e-07
1.897784507077638e+02        D99 1.139460088670690e-06 2.013006396249454e-07 5.641321211443360e-05 1.691486982124332e-07
1.897784507077638e+02    IPM1A14 1.139460088670690e-06 2.013006396249454e-07 5.641321211443360e-05 1.691486982124332e-07
1.900781007077638e+02       D100 1.199779825334310e-06 2.013006396249454e-07 5.646389752185296e-05 1.691486982124332e-07
1.902281007077638e+02    MQB1A14 1.210193809588296e-06 -6.282474317516749e-08 5.740150015616581e-05 1.236614152951122e-05
1.904968507077638e+02       D101 1.193309659859973e-06 -6.282474317516749e-08 6.072490069222139e-05 1.236614152951122e-05
1.904968507077638e+02   MBT1A14H 1.193309659859973e-06 -6.282474317516749e-08 6.072490069222139e-05 1.236614152951122e-05
1.937348987077638e+02       D102 9.898801258711059e-07 -6.282474317516749e-08 1.007670605395725e-04 1.236614152951122e-05
1.938848987077638e+02    MQB1A15 9.900240055422408e-07 6.474762787704270e-08 1.016603007780166e-04 -4.750160986940501e-07
1.943491387077638e+02       D103 1.020082444307880e-06 6.474762787704270e-08 1.014397793043588e-04 -4.750160986940501e-07
1.943491387077638e+02   MBT1A15V 1.020082444307880e-06 6.474762787704270e-08 1.014397793043588e-04 -4.750160986940501e-07
1.993997487077638e+02       D104 1.347097461139948e-06 6.474762787704270e-08 9.904065824613369e-05 -4.750160986940501e-07
2.004013568977638e+02    MJD1A06 1.378140654655524e-06 -3.149011722147292e-08 9.719625221455468e-05 -3.176263217796198e-06
2.056165488977638e+02       D105 1.213913647243036e-06 -3.149011722147292e-08 8.063142969120970e-05 -3.176263217796198e-06
2.056165488977638e+02    IPM1A16 1.213913647243036e-06 -3.149011722147292e-08 8.063142969120970e-05 -3.176263217796198e-06
2.059161988977638e+02       D106 1.204477633617621e-06 -3.149011722147292e-08 7.967966241799701e-05 -3.176263217796198e-06
2.060661988977638e+02    MQB1A16 1.191985295934848e-06 -1.348957528686864e-07 7.970746519660484e-05 3.547359878512778e-06
2.065304388977638e+02       D107 1.129361291623087e-06 -1.348957528686864e-07 8.135429154660569e-05 3.547359878512778e-06
2.065304388977638e+02   MBT1A16H 1.129361291623087e-06 -1.348957528686864e-07 8.135429154660569e-05 3.547359878512778e-06
2.115810488977638e+02       D108 4.480554532269763e-07 -1.348957528686864e-07 9.927062282262095e-05 3.547359878512778e-06
2.125826570877638e+02    MJD1A07 2.818425881909379e-07 -2.257039808944026e-07 1.014586951597300e-04 7.842742347994201e-07
2.180975090877638e+02       D109 -9.628814622525204e-07 -2.257039808944026e-07 1.057838514920620e-04 7.842742347994201e-07
2.182475090877638e+02    MQB1A17 -1.008813323775971e-06 -3.879937130608663e-07 1.046218759207964e-04 -1.624623389390075e-05
2.187117490877638e+02       D110 -1.188935525127355e-06 -3.879937130608663e-07 9.707972429789167e-05 -1.624623389390075e-05
2.187117490877638e+02   MBT1A17V -1.188935525127355e-06 -3.879937130608663e-07 9.707972429789167e-05 -1.624623389390075e-05
2.214546790877638e+02       D111 -2.253175120493395e-06 -3.879937130608663e-07 5.251744196329449e-05 -1.624623389390075e-05
2.214546790877638e+02    IPM1A18 -2.253175120493395e-06 -3.879937130608663e-07 5.251744196329449e-05 -1.624623389390075e-05
2.217543290877638e+02       D112 -2.369437436612091e-06 -3.879937130608663e-07 4.764925797698680e-05 -1.624623389390075e-05
2.219043290877638e+02    MQB1A18 -2.391246749152663e-06 9.793632131160620e-08 4.591471820816150e-05 -6.939183261278588e-06
2.221730790877638e+02       D113 -2.364926362800175e-06 9.793632131160620e-08 4.404981270669320e-05 -6.939183261278588e-06
2.221730790877638e+02   MBT1A18H -2.364926362800175e-06 9.793632131160620e-08 4.404981270669320e-05 -6.939183261278588e-06
2.251114839877638e+02       D114 -2.077149796370172e-06 9.793632131160620e-08 2.365968260975408e-05 -6.939183261278588e-06
2.251114839877638e+02    IPM1A19 -2.077149796370172e-06 9.793632131160620e-08 2.365968260975408e-05 -6.939183261278588e-06
2.254111339877638e+02       D115 -2.047803177689149e-06 9.793632131160620e-08 2.158035634551180e-05 -6.939183261278588e-06
2.255611339877638e+02    MQB1A19 -2.047234772564508e-06 -9.034921758017721e-08 2.039609367804555e-05 -8.833269776088120e-06
2.260253739877638e+02       D116 -2.089178493333931e-06 -9.034921758017721e-08 1.629533651719424e-05 -8.833269776088120e-06
2.260253739877638e+02   MBT1A19V -2.089178493333931e-06 -9.034921758017721e-08 1.629533651719424e-05 -8.833269776088120e-06
2.310759737877638e+02       D117 -2.545496233574524e-06 -9.034921758017721e-08 -2.831797404726193e-05 -8.833269776088120e-06
2.320775819777638e+02    MJD1A08 -2.647544115588571e-06 -1.479654853677996e-07 -3.678930854785118e-05 -7.937051094331937e-06
2.372927639777638e+02       D118 -3.419211051499987e-06 -1.479654853677996e-07 -7.818247454809165e-05 -7.937051094331937e-06
2.372927639777638e+02    IPM1A21 -3.419211051499987e-06 -1.479654853677996e-07 -7.818247454809165e-05 -7.937051094331937e-06
2.375924139777638e+02       D119 -3.463548909190453e-06 -1.479654853677996e-07 -8.056081190850836e-05 -7.937051094331937e-06
2.377424139777638e+02    MQB1A21 -3.461869845506638e-06 1.703279720933804e-07 -8.229737456700193e-05 -1.524322879459323e-05
2.380111639777638e+02       D120 -3.416094203006551e-06 1.703279720933804e-07 -8.639399230554817e-05 -1.524322879459323e-05
2.380111639777638e+02   MBT1A21H -3.416094203006551e-06 1.703279720933804e-07 -8.639399230554817e-05 -1.524322879459323e-05
2.387127139777638e+02       D121 -3.296600614184440e-06 1.703279720933804e-07 -9.708787946639501e-05 -1.524322879459323e-05
2.387127139777638e+02    ITV1A21 -3.296600614184440e-06 1.703279720933804e-07 -9.708787946639501e-05 -1.524322879459323e-05
2.388489979777638e+02       D122 -3.273387636835657e-06 1.703279720933804e-07 -9.916528765943805e-05 -1.524322879459323e-05
2.388489979777638e+02    IHA1A21 -3.273387636835657e-06 1.703279720933804e-07 -9.916528765943805e-05 -1.524322879459323e-05
2.442588329732222e+02       D123 -2.351941412699433e-06 1.703279720933804e-07 -1.816286402362072e-04 -1.524322879459323e-05
2.442588329732222e+02    ISR1A21 -2.351941412699433e-06 1.703279720933804e-07 -1.816286402362072e-04 -1.524322879459323e-05
2.432572347832221e+02       D124 -2.522541601254539e-06 1.703279720933804e-07 -1.663610498657863e-04 -1.524322879459323e-05
2.442588429732222e+02    MJD1A09 -2.372548768056917e-06 1.086155598206152e-07 -1.793570328273752e-04 -1.048434153234255e-05
2.494740741677638e+02       D125 -1.806093512267842e-06 1.086155598206152e-07 -2.340352978410764e-04 -1.048434153234255e-05
2.494740741677638e+02    IPM1A23 -1.806093512267842e-06 1.086155598206152e-07 -2.340352978410764e-04 -1.048434153234255e-05
2.497737241677638e+02       D126 -1.773546859767592e-06 1.086155598206152e-07 -2.371769307812430e-04 -1.048434153234255e-05
2.499237241677638e+02    MQB1A23 -1.769516526755056e-06 -5.481675619934857e-08 -2.371443439025618e-04 1.091834576229433e-05
2.503879641677638e+02       D127 -1.794964657653044e-06 -5.481675619934857e-08 -2.320756110658741e-04 1.091834576229433e-05
2.503879641677638e+02   MBT1A23V -1.794964657653044e-06 -5.481675619934857e-08 -2.320756110658741e-04 1.091834576229433e-05
2.531308841677638e+02       D128 -1.945322634567363e-06 -5.481675619934857e-08 -2.021274621075614e-04 1.091834576229433e-05
2.531308841677638e+02    IPM1A24 -1.945322634567363e-06 -5.481675619934857e-08 -2.021274621075614e-04 1.091834576229433e-05
2.534305341677639e+02       D129 -1.961748475562498e-06 -5.481675619934857e-08 -1.988557797998897e-04 1.091834576229433e-05
2.535805341677639e+02    MQB1A24 -1.939912505148453e-06 3.452287025892186e-07 -2.001917404276768e-04 -2.877599600767794e-05
2.538492841677638e+02       D130 -1.847132291327617e-06 3.452287025892186e-07 -2.079252893547390e-04 -2.877599600767794e-05
2.538492841677638e+02   MBT1A24H -1.847132291327617e-06 3.452287025892186e-07 -2.079252893547390e-04 -2.877599600767794e-05
2.570873497677638e+02       D131 -7.292591053408364e-07 3.452287025892186e-07 -3.011038521329383e-04 -2.877599600767794e-05
2.572373497677638e+02    MQB1A25 -6.863734814827145e-07 2.277698023461138e-07 -3.017618132155333e-04 2.002076223213772e-05
2.577015897677638e+02       D132 -5.806336284415508e-07 2.277698023461138e-07 -2.924673745568854e-04 2.002076223213772e-05
2.577015897677638e+02   MBT1A25V -5.806336284415508e-07 2.277698023461138e-07 -2.924673745568854e-04 2.002076223213772e-05
2.627521997677638e+02       D133 5.697428129857468e-07 2.277698023461138e-07 -1.913503126196290e-04 2.002076223213772e-05
2.637538079577638e+02    MJD1A10 7.666349875639894e-07 1.395900678422473e-07 -1.686207776837550e-04 2.497584684948373e-05
2.689689999577638e+02       D134 1.494623992654335e-06 1.395900678422473e-07 -3.836694100110226e-05 2.497584684948373e-05
2.689689999577638e+02    IPM1A26 1.494623992654335e-06 1.395900678422473e-07 -3.836694100110226e-05 2.497584684948373e-05
2.692686499577638e+02       D135 1.536452156483268e-06 1.395900678422473e-07 -3.088292849265396e-05 2.497584684948373e-05
2.694186499577638e+02    MQB1A26 1.547467353681416e-06 7.121306330045829e-09 -2.732448101903382e-05 2.252041419670558e-05
2.698828899577638e+02       D136 1.550773348932077e-06 7.121306330045829e-09 -1.686960393235482e-05 2.252041419670558e-05
2.698828899577638e+02   MBT1A26H 1.550773348932077e-06 7.121306330045829e-09 -1.686960393235482e-05 2.252041419670558e-05
2.749334897577638e+02       D137 1.586740217258345e-06 7.121306330045829e-09 9.687199550544223e-05 2.252041419670558e-05
2.759350979477638e+02    MJD1A11 1.557112548125187e-06 -9.400727822744924e-08 1.181289013179920e-04 1.956087906923291e-05
2.814499499477638e+02       D138 1.038676321777981e-06 -9.400727822744924e-08 2.260042543747093e-04 1.956087906923291e-05
2.815999499477638e+02    MQB1A27 1.034592594456087e-06 3.946939751529683e-08 2.267853834810315e-04 -9.162216103942644e-06
2.820641899477638e+02       D139 1.052915867558589e-06 3.946939751529683e-08 2.225319162769370e-04 -9.162216103942644e-06
2.820641899477638e+02   MBT1A27V 1.052915867558589e-06 3.946939751529683e-08 2.225319162769370e-04 -9.162216103942644e-06
2.848071199477638e+02       D140 1.161177662085222e-06 3.946939751529683e-08 1.974005988589496e-04 -9.162216103942644e-06
2.848071199477638e+02    IPM1A28 1.161177662085222e-06 3.946939751529683e-08 1.974005988589496e-04 -9.162216103942644e-06
2.851067699477638e+02       D141 1.173004667050682e-06 3.946939751529683e-08 1.946551408034030e-04 -9.162216103942644e-06
2.852567699477638e+02    MQB1A28 1.159703789788106e-06 -2.163348872261354e-07 1.964178337072802e-04 3.272856113927077e-05
2.855249079777639e+02       D142 1.101696179307008e-06 -2.163348872261354e-07 2.051936056159003e-04 3.272856113927077e-05
2.855249079777639e+02   MBT1A28H 1.101696179307008e-06 -2.163348872261354e-07 2.051936056159003e-04 3.272856113927077e-05
2.884639279777639e+02       D143 4.658836190516450e-07 -2.163348872261354e-07 3.013835013754409e-04 3.272856113927077e-05
2.884639279777639e+02    IPM1A29 4.658836190516450e-07 -2.163348872261354e-07 3.013835013754409e-04 3.272856113927077e-05
2.887635779777639e+02       D144 4.010588700943292e-07 -2.163348872261354e-07 3.111906147208240e-04 3.272856113927077e-05
2.889135779777639e+02    MQB1A29 3.676421847493039e-07 -2.290374758172081e-07 3.168606944562308e-04 4.290318130446305e-05
2.944284179777639e+02       D145 -8.954628483864697e-07 -2.290374758172081e-07 5.534648748413362e-04 4.290318130446305e-05
2.954300261677639e+02    MJD1A12 -1.144588854099207e-06 -3.025077089700038e-07 5.888659539940493e-04 2.717873502121887e-05
2.987266881677639e+02       D146 -2.141854522967671e-06 -3.025077089700038e-07 6.784650569465699e-04 2.717873502121887e-05
2.987266881677639e+02   MBT1A30V -2.141854522967671e-06 -3.025077089700038e-07 6.784650569465699e-04 2.717873502121887e-05
3.006452181677639e+02       D147 -2.722224637857900e-06 -3.025077089700038e-07 7.306082754468297e-04 2.717873502121887e-05
3.006452181677639e+02    IPM1A31 -2.722224637857900e-06 -3.025077089700038e-07 7.306082754468297e-04 2.717873502121887e-05
3.009448681677640e+02       D148 -2.812871072850769e-06 -3.025077089700038e-07 7.387523833959385e-04 2.717873502121887e-05
3.010948681677639e+02    MQB1A31 -2.817881686523951e-06 2.358587511139905e-07 7.532478346570310e-04 1.665505079524979e-04
3.013636181677639e+02       D149 -2.754494647162077e-06 2.358587511139905e-07 7.980082836692573e-04 1.665505079524979e-04
3.013636181677639e+02   MBT1A31H -2.754494647162077e-06 2.358587511139905e-07 7.980082836692573e-04 1.665505079524979e-04
3.020651681677639e+02       D150 -2.589027940318057e-06 2.358587511139905e-07 9.148517925233317e-04 1.665505079524979e-04
3.020651681677639e+02    ITV1A31 -2.589027940318057e-06 2.358587511139905e-07 9.148517925233317e-04 1.665505079524979e-04
3.066097141677638e+02       D151 -1.517156996377998e-06 2.358587511139905e-07 1.671748237236811e-03 1.665505079524979e-04
3.076113223577638e+02    MJD1A13 -1.307438625888599e-06 1.587406494698649e-07 1.815760512123155e-03 1.185441368930219e-04
3.128265263577638e+02       D152 -4.795737558107672e-07 1.587406494698649e-07 2.433992369024186e-03 1.185441368930219e-04
3.128265263577638e+02    IPM1A33 -4.795737558107672e-07 1.587406494698649e-07 2.433992369024186e-03 1.185441368930219e-04
3.131261763577638e+02       D153 -4.320071201971190e-07 1.587406494698649e-07 2.469514119644183e-03 1.185441368930219e-04
3.132761763577638e+02    MQB1A33 -4.120709614009049e-07 1.074726744106169e-07 2.465475451032957e-03 -1.723142699949022e-04
3.137404163577638e+02       D154 -3.621778470325188e-07 1.074726744106169e-07 2.385480274330520e-03 -1.723142699949022e-04
3.137404163577638e+02   MBT1A33V -3.621778470325188e-07 1.074726744106169e-07 2.385480274330520e-03 -1.723142699949022e-04
3.164833483577638e+02       D155 -6.738760926605655e-08 1.074726744106169e-07 1.912833949104863e-03 -1.723142699949022e-04
3.164833483577638e+02    IPM1A34 -6.738760926605655e-08 1.074726744106169e-07 1.912833949104863e-03 -1.723142699949022e-04
3.167829983577639e+02       D156 -3.518342237891229e-08 1.074726744106169e-07 1.861199978100887e-03 -1.723142699949022e-04
3.169329983577638e+02    MQB1A34 -1.830311857354273e-08 1.169022355714745e-07 1.869589487237583e-03 2.845220399930952e-04
3.172017483577638e+02       D157 1.311435723628558e-08 1.169022355714745e-07 1.946054785485715e-03 2.845220399930952e-04
3.172017483577638e+02   MBT1A34H 1.311435723628558e-08 1.169022355714745e-07 1.946054785485715e-03 2.845220399930952e-04
3.204398070577638e+02       D158 3.916506581779471e-07 1.169022355714745e-07 2.867353852427102e-03 2.845220399930952e-04
3.205898070577638e+02    MQB1A35 4.133618619668129e-07 1.731011697941411e-07 2.879953746965772e-03 -1.168142721272255e-04
3.210540470577638e+02       D159 4.937223490320483e-07 1.731011697941411e-07 2.825723889273428e-03 -1.168142721272255e-04
3.210540470577638e+02   MBT1A35V 4.937223490320483e-07 1.731011697941411e-07 2.825723889273428e-03 -1.168142721272255e-04
3.261046450577638e+02       D160 1.367986770991995e-06 1.731011697941411e-07 2.235741960096207e-03 -1.168142721272255e-04
3.271062532477638e+02    MJD1A14 1.504941496191994e-06 7.252015932696778e-08 2.087664905977103e-03 -1.763269543063884e-04
3.323214572477638e+02       D161 1.883148921194632e-06 7.252015932696778e-08 1.168083868570615e-03 -1.763269543063884e-04
3.323214572477638e+02    IPM1A36 1.883148921194632e-06 7.252015932696778e-08 1.168083868570615e-03 -1.763269543063884e-04
3.326211072477638e+02       D162 1.904879586936959e-06 7.252015932696778e-08 1.115247496712702e-03 -1.763269543063884e-04
3.327711072477638e+02    MQB1A36 1.896542417185711e-06 -1.834976952869414e-07 1.099785969243105e-03 -3.016957469009937e-05
3.330398572477637e+02       D163 1.847227411577353e-06 -1.834976952869414e-07 1.091677896045142e-03 -3.016957469009937e-05
3.330398572477637e+02   MBT1A36H 1.847227411577353e-06 -1.834976952869414e-07 1.091677896045142e-03 -3.016957469009937e-05
3.382859519477636e+02       D164 8.845811248703316e-07 -1.834976952869414e-07 9.334054501621608e-04 -3.016957469009937e-05
3.392875601377636e+02    MJD1A15 6.672184756006501e-07 -2.797888219394615e-07 8.902453150074662e-04 -5.527254430760194e-05
3.448024019377636e+02       D165 -8.757726148038433e-07 -2.797888219394615e-07 5.854259772675520e-04 -5.527254430760194e-05
3.449524019377636e+02    MQB1A37 -9.266387156875826e-07 -3.995631153376569e-07 5.714200884071883e-04 -1.311687539538507e-04
3.454166419377636e+02       D166 -1.112131896351945e-06 -3.995631153376569e-07 5.105263060716503e-04 -1.311687539538507e-04
3.454166419377636e+02   MBT1A37V -1.112131896351945e-06 -3.995631153376569e-07 5.105263060716503e-04 -1.311687539538507e-04
3.481595719377636e+02       D167 -2.208105552305063e-06 -3.995631153376569e-07 1.507395957890145e-04 -1.311687539538507e-04
3.481595719377636e+02    IPM1A38 -2.208105552305063e-06 -3.995631153376569e-07 1.507395957890145e-04 -1.311687539538507e-04
3.484592219377637e+02       D168 -2.327834639816000e-06 -3.995631153376569e-07 1.114348786667405e-04 -1.311687539538507e-04
3.486092219377637e+02    MQL1A38 -2.329164636756167e-06 3.819048053052678e-07 9.435693927295014e-05 -9.748788090003989e-05
3.488779719377636e+02       D169 -2.226527720330393e-06 3.819048053052678e-07 6.815707128106881e-05 -9.748788090003989e-05
3.488779719377636e+02   MBT1A38H -2.226527720330393e-06 3.819048053052678e-07 6.815707128106881e-05 -9.748788090003989e-05
3.518163801377636e+02       D170 -1.104335508801979e-06 3.819048053052678e-07 -2.183021173562347e-04 -9.748788090003989e-05
3.518163801377636e+02    IPM1A39 -1.104335508801979e-06 3.819048053052678e-07 -2.183021173562347e-04 -9.748788090003989e-05
3.521160301377637e+02       D171 -9.898977338922486e-07 3.819048053052678e-07 -2.475143608679336e-04 -9.748788090003989e-05
3.522660301377637e+02    MQB1A39 -9.450198392800732e-07 2.177458690706093e-07 -2.589827989080534e-04 -5.510795229987481e-05
3.577808803377636e+02       D172 2.558160103131301e-07 2.177458690706093e-07 -5.628949006706035e-04 -5.510795229987481e-05
3.587824885277636e+02    MJD1A16 4.429423134352959e-07 1.278349046208322e-07 -6.104108180709333e-04 -3.895712705739813e-05
3.614649015277636e+02       D173 7.858483234439723e-07 1.278349046208322e-07 -7.149099221323487e-04 -3.895712705739813e-05
3.616149015277635e+02    MQB1A40 7.992615796005639e-07 5.079173206611480e-08 -7.259452801667922e-04 -1.083592054966176e-04
3.620791415277636e+02       D174 8.228411332949385e-07 5.079173206611480e-08 -7.762499577265439e-04 -1.083592054966176e-04
3.620791415277636e+02   MBT1A40V 8.228411332949385e-07 5.079173206611480e-08 -7.762499577265439e-04 -1.083592054966176e-04
3.640001515277636e+02       D175 9.204125585112658e-07 5.079173206611480e-08 -9.844090750776035e-04 -1.083592054966176e-04
3.640001515277636e+02    IPM1R01 9.204125585112658e-07 5.079173206611480e-08 -9.844090750776035e-04 -1.083592054966176e-04
3.642998015277636e+02       D176 9.356323010248786e-07 5.079173206611480e-08 -1.016878911004667e-03 -1.083592054966176e-04
3.644498015277636e+02    MQB1R01 9.297561187939638e-07 -1.289555055555671e-07 -1.047796915669709e-03 -3.048733089174249e-04
3.647185515277636e+02       D177 8.950993266759106e-07 -1.289555055555671e-07 -1.129731617441253e-03 -3.048733089174249e-04
3.647185515277636e+02   MBT1R01H 8.950993266759106e-07 -1.289555055555671e-07 -1.129731617441253e-03 -3.048733089174249e-04
3.654201015277636e+02       D178 8.046305917534034e-07 -1.289555055555671e-07 -1.343615487312272e-03 -3.048733089174249e-04
3.654201015277636e+02    ITV1R01 8.046305917534034e-07 -1.289555055555671e-07 -1.343615487312272e-03 -3.048733089174249e-04
3.700001515277636e+02       D179 2.140079285336246e-07 -1.289555055555671e-07 -2.739950485819532e-03 -3.048733089174249e-04
3.700001515277636e+02    IPM1R02 2.140079285336246e-07 -1.289555055555671e-07 -2.739950485819532e-03 -3.048733089174249e-04
3.702998015277636e+02       D180 1.753664112938962e-07 -1.289555055555671e-07 -2.831305772836645e-03 -3.048733089174249e-04
3.704498015277636e+02    MQL1R02 1.594334471608393e-07 -8.419557936408323e-08 -2.820924580945420e-03 4.428386195325737e-04
3.709140415277636e+02       D181 1.203464913968558e-07 -8.419557936408323e-08 -2.615341180213610e-03 4.428386195325737e-04
3.709140415277636e+02   MBT1R02V 1.203464913968558e-07 -8.419557936408323e-08 -2.615341180213610e-03 4.428386195325737e-04
3.745805715277636e+02       D182 -1.883591262089339e-07 -8.419557936408323e-08 -9.916600965388558e-04 4.428386195325737e-04
3.745805715277636e+02    IDA1R02 -1.883591262089339e-07 -8.419557936408323e-08 -9.916600965388558e-04 4.428386195325737e-04
3.760001515277636e+02       D183 -3.078814867625993e-07 -8.419557936408323e-08 -3.630152490228049e-04 4.428386195325737e-04
3.760001515277636e+02    IPM1R03 -3.078814867625993e-07 -8.419557936408323e-08 -3.630152490228049e-04 4.428386195325737e-04
3.762998015277636e+02       D184 -3.331106921190481e-07 -8.419557936408323e-08 -2.303186566798603e-04 4.428386195325737e-04
3.764498015277636e+02    MQL1R03 -3.370003787287776e-07 3.256075409057359e-08 -1.693920651649412e-04 3.731349837468156e-04
3.767185515277636e+02       D185 -3.282496760669372e-07 3.256075409057359e-08 -6.911203828300127e-05 3.731349837468156e-04
3.767185515277636e+02   MBT1R03H -3.282496760669372e-07 3.256075409057359e-08 -6.911203828300127e-05 3.731349837468156e-04
3.820001515277636e+02       D186 -1.562767972621630e-07 3.256075409057359e-08 1.901637691874191e-03 3.731349837468156e-04
3.820001515277636e+02    IPM1R04 -1.562767972621630e-07 3.256075409057359e-08 1.901637691874191e-03 3.731349837468156e-04
3.822998015277636e+02       D187 -1.465199672989220e-07 3.256075409057359e-08 2.013447589753932e-03 3.731349837468156e-04
3.824498015277636e+02    MQL1R04 -1.444325741188075e-07 -4.649781857466099e-09 2.031264208417069e-03 -1.363169359216884e-04
3.829140415277636e+02       D188 -1.465911888483176e-07 -4.649781857466099e-09 1.967980434084782e-03 -1.363169359216884e-04
3.829140415277636e+02   MBT1R04V -1.465911888483176e-07 -4.649781857466099e-09 1.967980434084782e-03 -1.363169359216884e-04
3.834195015277636e+02       D189 -1.489414675859923e-07 -4.649781857466099e-09 1.899077675653809e-03 -1.363169359216884e-04
3.834195015277636e+02    ITV1R04 -1.489414675859923e-07 -4.649781857466099e-09 1.899077675653809e-03 -1.363169359216884e-04
3.861093015277636e+02       D190 -1.614484508262035e-07 -4.649781857466099e-09 1.532412381411655e-03 -1.363169359216884e-04
3.862593015277636e+02    MQB1R05 -1.641881520441679e-07 -3.196303455241429e-08 1.493910192550344e-03 -3.760385874952254e-04
3.878096515277635e+02       D191 -2.137420426625039e-07 -3.196303455241429e-08 9.109187684271285e-04 -3.760385874952254e-04
3.878096515277635e+02    IPM1R06 -2.137420426625039e-07 -3.196303455241429e-08 9.109187684271285e-04 -3.760385874952254e-04
3.881093015277636e+02       D192 -2.233197659661359e-07 -3.196303455241429e-08 7.982388056841768e-04 -3.760385874952254e-04
3.882593015277636e+02    MQL1R06 -2.206999552068305e-07 6.671774342420630e-08 7.659726470173158e-04 -5.643114507534216e-05
3.885280515277635e+02       D193 -2.027695616615774e-07 6.671774342420630e-08 7.508067767783202e-04 -5.643114507534216e-05
3.885280515277635e+02   MBT1R06H -2.027695616615774e-07 6.671774342420630e-08 7.508067767783202e-04 -5.643114507534216e-05
3.901093015277635e+02       D194 -9.727212987205632e-08 6.671774342420630e-08 6.615750286279394e-04 -5.643114507534216e-05
3.902593015277635e+02    MQL1R07 -8.927110465648412e-08 4.032236790160360e-08 6.405132071445635e-04 -2.235059672818759e-04
3.907235415277635e+02       D195 -7.055184858184288e-08 4.032236790160360e-08 5.367527968936214e-04 -2.235059672818759e-04
3.907235415277635e+02   MBT1R07V -7.055184858184288e-08 4.032236790160360e-08 5.367527968936214e-04 -2.235059672818759e-04
3.911782775277634e+02       D196 -5.221581629174015e-08 4.032236790160360e-08 4.351165873557317e-04 -2.235059672818759e-04
3.921916280673635e+02    MXI1R01 -8.656868243372490e-09 4.351429565528615e-08 2.085345220422765e-04 -2.310477258670671e-04
3.925693749073634e+02       D197 7.780519435236249e-09 4.351429565528615e-08 1.212569737068161e-04 -2.310477258670671e-04
3.935827254469634e+02    MXI1R02 5.229084489012825e-08 4.159103303407002e-08 -1.091112894776354e-04 -2.308090884059267e-04
3.939530089169634e+02       D198 6.769131692286852e-08 4.159103303407002e-08 -1.945760796401196e-04 -2.308090884059267e-04
3.939530089169634e+02    IPM1R08 6.769131692286852e-08 4.159103303407002e-08 -1.945760796401196e-04 -2.308090884059267e-04
3.941764589169633e+02       D199 7.698483325432727e-08 4.159103303407002e-08 -2.461503704444036e-04 -2.308090884059267e-04
3.944764589169633e+02    MQN1R08 9.598783224137268e-08 8.699936226656370e-08 -2.931351311722181e-04 -7.826465509564838e-05
3.957593100169634e+02       D200 2.075950598243345e-07 8.699936226656370e-08 -3.935370300527927e-04 -7.826465509564838e-05
3.957593100169634e+02    IPM1R09 2.075950598243345e-07 8.699936226656370e-08 -3.935370300527927e-04 -7.826465509564838e-05
3.960577600169634e+02       D201 2.335600194927887e-07 8.699936226656370e-08 -4.168951163660875e-04 -7.826465509564838e-05
3.962077600169633e+02    MQL1R09 2.409833285257486e-07 1.158133959270294e-08 -4.388401853494756e-04 -2.155331969884627e-04
3.963985140169633e+02       D202 2.431925153784147e-07 1.158133959270294e-08 -4.799540048078064e-04 -2.155331969884627e-04
3.963985140169633e+02   MBT1R09H 2.431925153784147e-07 1.158133959270294e-08 -4.799540048078064e-04 -2.155331969884627e-04
4.019630079169633e+02       D203 3.076368088958390e-07 1.158133959270294e-08 -1.679287164697606e-03 -2.155331969884627e-04
4.019630079169633e+02    IPM1R10 3.076368088958390e-07 1.158133959270294e-08 -1.679287164697606e-03 -2.155331969884627e-04
4.022614579169633e+02       D204 3.110932596972809e-07 1.158133959270294e-08 -1.743613047338808e-03 -2.155331969884627e-04
4.024114579169633e+02    MQB1R10 3.163129721944241e-07 5.814910443573283e-08 -1.756614000112585e-03 4.250381714708432e-05
4.026022119169633e+02       D205 3.274051464619562e-07 5.814910443573283e-08 -1.748506226976511e-03 4.250381714708432e-05
4.026022119169633e+02   MBT1R10H 3.274051464619562e-07 5.814910443573283e-08 -1.748506226976511e-03 4.250381714708432e-05
4.027980459169632e+02       D206 3.387927181800229e-07 5.814910443573283e-08 -1.740182534449329e-03 4.250381714708432e-05
4.027980459169632e+02   MBT1R10V 3.387927181800229e-07 5.814910443573283e-08 -1.740182534449329e-03 4.250381714708432e-05
4.032753415269634e+02       D207 3.665470304526352e-07 5.814910443573283e-08 -1.719895649116779e-03 4.250381714708432e-05
4.042835950515633e+02    MXJ1R04 4.103146414075840e-07 2.513714058501454e-08 -1.661605324597693e-03 7.495113731925832e-05
4.076456183515634e+02       D208 4.948262937497795e-07 2.513714058501454e-08 -1.409617854568845e-03 7.495113731925832e-05
4.076456183515634e+02   IPM1R10A 4.948262937497795e-07 2.513714058501454e-08 -1.409617854568845e-03 7.495113731925832e-05
4.081065387215634e+02       D209 5.064125138889667e-07 2.513714058501454e-08 -1.375071348623731e-03 7.495113731925832e-05
4.091298578066634e+02    MXQ1R06 4.768131599115502e-07 -2.787487794671508e-08 -1.375431203555200e-03 7.184047601139221e-05
