0.000000000000000e+00      _BEG_ 7.038843791683235e-22 1.507718646112655e-22 1.355252715606881e-22 7.115076756936123e-23
1.023319085100000e+00    MXQ1S01 -1.450284537744347e-11 -1.279840077188273e-11 1.253290243415192e-07 3.854406559280965e-07
4.385342385099980e+00         D0 -5.753136697537998e-11 -1.279840077188273e-11 1.421189490339055e-06 3.854406559280965e-07
4.385342385099980e+00    IPM1S00 -5.753136697537998e-11 -1.279840077188273e-11 1.421189490339055e-06 3.854406559280965e-07
4.846262755100013e+00         D1 -6.343041059450371e-11 -1.279840077188273e-11 1.598846940082488e-06 3.854406559280965e-07
5.854516279700013e+00    MXJ1S03 -5.984801200540484e-11 2.164373949497078e-11 1.832951825156496e-06 -5.105170410438210e-08
6.419949889699970e+00         D2 -4.760991424890184e-11 2.164373949497078e-11 1.804085475808106e-06 -5.105170410438210e-08
6.419949889699970e+00    IPM1S01 -4.760991424890184e-11 2.164373949497078e-11 1.804085475808106e-06 -5.105170410438210e-08
6.718399889700007e+00         D3 -4.115034019651798e-11 2.164373949497078e-11 1.788849094718152e-06 -5.105170410438210e-08
6.868399889700007e+00    MQB1S01 -3.833870040966696e-11 1.591318229121913e-11 1.761256351752014e-06 -3.161717476419354e-07
7.059153889699977e+00         D4 -3.530319723498045e-11 1.591318229121913e-11 1.700945326202333e-06 -3.161717476419354e-07
7.059153889699977e+00   MBT1S01H -3.530319723498045e-11 1.591318229121913e-11 1.700945326202333e-06 -3.161717476419354e-07
7.254987889699968e+00         D5 -3.218685509414406e-11 1.591318229121913e-11 1.639028148174626e-06 -3.161717476419354e-07
7.254987889699968e+00   MBT1S01V -3.218685509414406e-11 1.591318229121913e-11 1.639028148174626e-06 -9.636771156409353e-06
7.748509889700009e+00         D6 -2.433334954330692e-11 1.591318229121913e-11 -3.116930426479226e-06 -9.636771156409353e-06
7.748509889700009e+00    ITV1S01 -2.433334954330692e-11 1.591318229121913e-11 -3.116930426479226e-06 -9.636771156409353e-06
1.262364978969998e+01         D7 5.324564038061610e-11 1.591318229121913e-11 -5.009753799825932e-05 -9.636771156409353e-06
1.262364978969998e+01    IPM1S02 5.324564038061610e-11 1.591318229121913e-11 -5.009753799825932e-05 -9.636771156409353e-06
1.292209978970001e+01         D8 5.799492963548037e-11 1.591318229121913e-11 -5.297363234989006e-05 -9.636771156409353e-06
1.307209978970002e+01    MQL1S02 5.901682437783581e-11 -2.340019871549862e-12 -5.569196913104692e-05 -2.675327766402526e-05
1.326285378969999e+01         D9 5.857045622714220e-11 -2.340019871549862e-12 -6.079526385856959e-05 -2.675327766402526e-05
1.326285378969999e+01   MBT1S02H 5.857045622714220e-11 -2.340019871549862e-12 -6.079526385856959e-05 -2.675327766402526e-05
1.345868778969998e+01        D10 5.811220077588358e-11 -2.340019871549862e-12 -6.603446523662608e-05 -2.675327766402526e-05
1.345868778969998e+01   MBT1S02V 5.811220077588358e-11 -2.340019871549862e-12 -6.603446523662608e-05 -4.828909760292415e-06
1.442995085970000e+01        D11 5.583942589145277e-11 -2.340019871549862e-12 -7.072460695516076e-05 -4.828909760292415e-06
1.442995085970000e+01    IPM1S03 5.583942589145277e-11 -2.340019871549862e-12 -7.072460695516076e-05 -4.828909760292415e-06
1.465340085969996e+01        D12 5.531654845106497e-11 -2.340019871549862e-12 -7.180362684109794e-05 -4.828909760292415e-06
1.495340085969996e+01    MQN1S03 5.922053755038725e-11 2.874350953775454e-11 -6.726303839435959e-05 3.469591228759799e-05
1.554713232970007e+01        D13 7.628646372121058e-11 2.874350953775454e-11 -4.666298338884928e-05 3.469591228759799e-05
1.656048286930007e+01    MXI1S05 1.050653920751097e-10 2.087297665957301e-11 -1.164453148810976e-05 3.568991947606697e-05
1.693822970930008e+01        D14 1.129500930497002e-10 2.087297665957301e-11 1.837222813829423e-06 3.568991947606697e-05
1.795158024890008e+01    MXI1S06 1.210229303700265e-10 2.782879725072528e-13 3.710439729176247e-05 3.493839412712188e-05
1.860505024890006e+01        D15 1.212047832113922e-10 2.782879725072528e-13 5.993558970201218e-05 3.493839412712188e-05
1.890505024890006e+01    MQN1S04 1.275797090185079e-10 4.259823207349511e-11 6.727603714963338e-05 1.360317662355491e-05
1.979975024890006e+01        D16 1.656923472542304e-10 4.259823207349511e-11 7.944679927472796e-05 1.360317662355491e-05
1.979975024890006e+01    ITV1S04 1.656923472542304e-10 4.259823207349511e-11 7.944679927472796e-05 1.360317662355491e-05
2.038040024890011e+01        D17 1.904270107079174e-10 4.259823207349511e-11 8.734548378119578e-05 1.360317662355491e-05
2.038040024890011e+01    IPM1S05 1.904270107079174e-10 4.259823207349511e-11 8.734548378119578e-05 1.360317662355491e-05
2.068005024890008e+01        D18 2.031915709487181e-10 4.259823207349511e-11 9.142167565644350e-05 1.360317662355491e-05
2.083005024890008e+01    MQL1S05 2.033892289387098e-10 -3.997463303125407e-11 9.618300847530163e-05 5.019846016791070e-05
2.109880024890009e+01        D19 1.926460463117310e-10 -3.997463303125407e-11 1.096738446454282e-04 5.019846016791070e-05
2.109880024890009e+01   MBT1S05H 1.926460463117310e-10 -3.997463303125407e-11 1.096738446454282e-04 5.019846016791070e-05
2.129489024890011e+01        D20 1.848074205203871e-10 -3.997463303125407e-11 1.195172606997551e-04 5.019846016791070e-05
2.129489024890011e+01   MBT1S05V 1.848074205203871e-10 -3.997463303125407e-11 1.195172606997551e-04 5.019846016791070e-05
2.268005024890007e+01        D21 1.294361578307976e-10 -3.997463303125407e-11 1.890501597859363e-04 5.019846016791070e-05
2.283005024890007e+01    MQB1S06 1.260630071526960e-10 -5.155420349488372e-12 1.927824858405807e-04 -5.970181951909898e-07
2.638040024890011e+01        D22 1.077594605148664e-10 -5.155420349488372e-12 1.906628622912844e-04 -5.970181951909898e-07
2.638040024890011e+01    IPM1S07 1.077594605148664e-10 -5.155420349488372e-12 1.906628622912844e-04 -5.970181951909898e-07
2.668005024889996e+01        D23 1.062146388070283e-10 -5.155420349488372e-12 1.904839657890954e-04 -5.970181951909898e-07
2.683005024889996e+01    MQL1S07 1.060980692324650e-10 3.599568864848142e-12 1.892530487730716e-04 -1.579886216352294e-05
2.729429024889998e+01        D24 1.077691330822331e-10 3.599568864848142e-12 1.819185850022775e-04 -1.579886216352294e-05
2.729429024889998e+01   MBT1S07V 1.077691330822331e-10 3.599568864848142e-12 1.819185850022775e-04 -1.579886216352294e-05
3.185811274890011e+01        D25 1.241969264580514e-10 3.599568864848142e-12 1.098153823859907e-04 -1.579886216352294e-05
3.185811274890011e+01   MAZ1S08H 1.241969264580514e-10 3.599568864848142e-12 1.098153823859907e-04 -1.579886216352294e-05
3.238040024890012e+01        D26 1.260769362812172e-10 3.599568864848142e-12 1.015638341637596e-04 -1.579886216352294e-05
3.238040024890012e+01    IPM1S08 1.260769362812172e-10 3.599568864848142e-12 1.015638341637596e-04 -1.579886216352294e-05
3.268005024889997e+01        D27 1.271555470916939e-10 3.599568864848142e-12 9.682970511646239e-05 -1.579886216352294e-05
3.283005024889997e+01    MQL1S08 1.266893967124920e-10 -9.806830858039183e-12 9.519647826749066e-05 -6.005434275246123e-06
3.309880024889998e+01        D28 1.240538109195069e-10 -9.806830858039183e-12 9.358251780601820e-05 -6.005434275246123e-06
3.309880024889998e+01   MBT1S08H 1.240538109195069e-10 -9.806830858039183e-12 9.358251780601820e-05 -6.005434275246123e-06
3.329489024890012e+01        D29 1.221307894564371e-10 -9.806830858039183e-12 9.240491219898435e-05 -6.005434275246123e-06
3.329489024890012e+01   MBT1S08V 1.221307894564371e-10 -9.806830858039183e-12 9.240491219898435e-05 -6.005434275246123e-06
3.795919204889998e+01        D30 7.638877063274245e-11 -9.806830858039183e-12 6.439375429917300e-05 -6.005434275246123e-06
3.795919204889998e+01   MAZ1S09V 7.638877063274245e-11 -9.806830858039183e-12 6.439375429917300e-05 -6.005434275246123e-06
3.838040024890012e+01        D31 7.225805305957471e-11 -9.806830858039183e-12 6.186421613787746e-05 -6.005434275246123e-06
3.838040024890012e+01    IPM1S09 7.225805305957471e-11 -9.806830858039183e-12 6.186421613787746e-05 -6.005434275246123e-06
3.868005024889997e+01        D32 6.931943619285850e-11 -9.806830858039183e-12 6.006468775730086e-05 -6.005434275246123e-06
3.883005024889997e+01    MQL1S09 6.832520497453532e-11 -3.464827185420217e-12 5.876496481514889e-05 -1.130498683726190e-05
3.929429024889998e+01        D33 6.671669360201683e-11 -3.464827185420217e-12 5.351673772581822e-05 -1.130498683726190e-05
3.929429024889998e+01   MBT1S09V 6.671669360201683e-11 -3.464827185420217e-12 5.351673772581822e-05 -1.130498683726190e-05
4.438040024890012e+01        D34 4.909420140612828e-11 -3.464827185420217e-12 -3.981668877049393e-06 -1.130498683726190e-05
4.438040024890012e+01    IPM1S10 4.909420140612828e-11 -3.464827185420217e-12 -3.981668877049393e-06 -1.130498683726190e-05
4.468005024889997e+01        D35 4.805596594011747e-11 -3.464827185420217e-12 -7.369208182833215e-06 -1.130498683726190e-05
4.483005024889997e+01    MQB1S10 4.730462517860590e-11 -6.545089301032375e-12 -9.101878446320967e-06 -1.181524305344237e-05
4.509880024889998e+01        D36 4.554563242874200e-11 -6.545089301032375e-12 -1.227722501693374e-05 -1.181524305344237e-05
4.509880024889998e+01   MBT1S10H 4.554563242874200e-11 -6.545089301032375e-12 -1.227722501693374e-05 -1.181524305344237e-05
4.529489024890012e+01        D37 4.426220586794085e-11 -6.545089301032375e-12 -1.459407602728490e-05 -1.181524305344237e-05
4.529489024890012e+01   MBT1S10V 4.426220586794085e-11 -6.545089301032375e-12 -1.459407602728490e-05 -1.181524305344237e-05
6.016205624890011e+01        D38 -5.304472325509571e-11 -6.545089301032375e-12 -1.902532558331595e-04 -1.181524305344237e-05
6.016205624890011e+01   MAZ1E01H -5.304472325509571e-11 -6.545089301032375e-12 -1.902532558331595e-04 -1.181524305344237e-05
6.045415624890012e+01        D39 -5.495654383990423e-11 -6.545089301032375e-12 -1.937044883290701e-04 -1.181524305344237e-05
6.045415624890012e+01   MAZ1E01V -5.495654383990423e-11 -6.545089301032375e-12 -1.937044883290701e-04 -1.181524305344237e-05
6.093046624890007e+01        D40 -5.807403532490009e-11 -6.545089301032375e-12 -1.993322067478547e-04 -1.181524305344237e-05
6.093046624890007e+01    IPM1E01 -5.807403532490009e-11 -6.545089301032375e-12 -1.993322067478547e-04 -1.181524305344237e-05
6.123005424890008e+01        D41 -6.003486553819373e-11 -6.545089301032375e-12 -2.028719117837494e-04 -1.181524305344237e-05
6.138005424890008e+01    MQB1E01 -6.134061713499334e-11 -1.088064053516160e-11 -2.035767147142892e-04 2.426067658438287e-06
6.164880424890009e+01        D42 -6.426478927862940e-11 -1.088064053516160e-11 -2.029247090310839e-04 2.426067658438287e-06
6.164880424890009e+01   MBT1E01H -6.426478927862940e-11 -1.088064053516160e-11 -2.029247090310839e-04 2.426067658438287e-06
6.184489424890012e+01        D43 -6.639837408135852e-11 -1.088064053516160e-11 -2.024489814239407e-04 2.426067658438287e-06
6.184489424890012e+01   MBT1E01V -6.639837408135852e-11 -1.088064053516160e-11 -2.024489814239407e-04 2.426067658438287e-06
6.220869424890020e+01        D44 -7.035675110781260e-11 -1.088064053516160e-11 -2.015663780098006e-04 2.426067658438287e-06
6.220869424890020e+01    IHA1E01 -7.035675110781260e-11 -1.088064053516160e-11 -2.015663780098006e-04 2.426067658438287e-06
6.283065424890021e+01        D45 -7.712407429488473e-11 -1.088064053516160e-11 -2.000574609689583e-04 2.426067658438287e-06
6.333072272611611e+01    MBW1E01 4.899520435229439e-11 7.233577030354789e-10 -1.988484355889396e-04 2.736216608964861e-06
6.908308572611598e+01        D46 4.210011291058572e-09 7.233577030354789e-10 -1.831087244075450e-04 2.736216608964861e-06
7.008322268054798e+01    MBX1E02 3.930779759260048e-09 -2.142721730901367e-09 -1.800826354222497e-04 3.310349546114818e-06
7.583558568054798e+01        D47 -8.394933444872560e-09 -2.142721730901367e-09 -1.610403031761120e-04 3.310349546114818e-06
7.633565415776388e+01    MBW1E03 -9.343379690987942e-09 -1.316398451796333e-09 -1.592559141630277e-04 3.561644244937378e-06
7.748540525776389e+01        D48 -1.085691025897909e-08 -1.316398451796333e-09 -1.551609097746022e-04 3.561644244937378e-06
7.748540525776389e+01    IPM1E02 -1.085691025897909e-08 -1.316398451796333e-09 -1.551609097746022e-04 3.561644244937378e-06
7.778505525776390e+01        D49 -1.125136905505980e-08 -1.316398451796333e-09 -1.540936630766067e-04 3.561644244937378e-06
7.793505525776391e+01    MQB1E02 -1.139392032455824e-08 -5.827523727421006e-10 -1.543069898353298e-04 -6.408308898024046e-06
7.820380525776392e+01        D50 -1.155053502473337e-08 -5.827523727421006e-10 -1.560292228516738e-04 -6.408308898024046e-06
7.820380525776392e+01   MBT1E02H -1.155053502473337e-08 -5.827523727421006e-10 -1.560292228516738e-04 -6.408308898024046e-06
7.839989525776400e+01        D51 -1.166480693750408e-08 -5.827523727421006e-10 -1.572858281434879e-04 -6.408308898024046e-06
7.839989525776400e+01   MBT1E02V -1.166480693750408e-08 -5.827523727421006e-10 -1.572858281434879e-04 -6.408308898024046e-06
9.403540125776399e+01        D52 -2.077643515802826e-08 -5.827523727421006e-10 -2.574829803683962e-04 -6.408308898024046e-06
9.403540125776399e+01    IPM1E03 -2.077643515802826e-08 -5.827523727421006e-10 -2.574829803683962e-04 -6.408308898024046e-06
9.433505125776384e+01        D53 -2.095105690651998e-08 -5.827523727421006e-10 -2.594032301296882e-04 -6.408308898024046e-06
9.448505125776384e+01    MQB1E03 -2.113645030002415e-08 -1.891087539003447e-09 -2.591536640082797e-04 9.733277404153484e-06
9.475380125776385e+01        D54 -2.164468007613145e-08 -1.891087539003447e-09 -2.565378457059133e-04 9.733277404153484e-06
9.475380125776385e+01   MBT1E03H -2.164468007613145e-08 -1.891087539003447e-09 -2.565378457059133e-04 9.733277404153484e-06
9.494989125776394e+01        D55 -2.201550343165483e-08 -1.891087539003447e-09 -2.546292473397321e-04 9.733277404153484e-06
9.494989125776394e+01   MBT1E03V -2.201550343165483e-08 -1.891087539003447e-09 -2.546292473397321e-04 9.733277404153484e-06
9.565144125776399e+01        D56 -2.334219589464294e-08 -1.891087539003447e-09 -2.478008665768477e-04 9.733277404153484e-06
9.565144125776399e+01    IHA1E03 -2.334219589464294e-08 -1.891087539003447e-09 -2.478008665768477e-04 9.733277404153484e-06
1.105854012577640e+02        D57 -5.158362155861860e-08 -1.891087539003447e-09 -1.024444911543157e-04 9.733277404153484e-06
1.105854012577640e+02    IPM1A01 -5.158362155861860e-08 -1.891087539003447e-09 -1.024444911543157e-04 9.733277404153484e-06
1.108850512577639e+02        D58 -5.215028593968057e-08 -1.891087539003447e-09 -9.952791458016199e-05 9.733277404153484e-06
1.110350512577639e+02    MQB1A01 -5.204771392514556e-08 3.257034995473824e-09 -9.880182455377041e-05 -4.007830476169630e-08
1.113038012577640e+02        D59 -5.117238577011216e-08 3.257034995473824e-09 -9.881259559817512e-05 -4.007830476169630e-08
1.113038012577640e+02   MBT1A01H -5.117238577011216e-08 3.257034995473824e-09 -9.881259559817512e-05 -4.007830476169630e-08
1.114998912577640e+02        D60 -5.053371377784923e-08 3.257034995473824e-09 -9.882045455295584e-05 -4.007830476169630e-08
1.114998912577640e+02   MBT1A01V -5.053371377784923e-08 3.257034995473824e-09 -9.882045455295584e-05 -4.007830476169630e-08
1.120053512577640e+02        D61 -4.888741286903704e-08 3.257034995473824e-09 -9.884071253288068e-05 -4.007830476169630e-08
1.120053512577640e+02    ITV1A01 -4.888741286903704e-08 3.257034995473824e-09 -9.884071253288068e-05 -4.007830476169630e-08
1.137199712577640e+02        D62 -4.330283552509786e-08 3.257034995473824e-09 -9.890943159579118e-05 -4.007830476169630e-08
1.138699712577640e+02    MQB1A02 -4.267965023470528e-08 5.047786635496400e-09 -9.922440374879530e-05 -4.161739993235452e-06
1.165523912577640e+02        D63 -2.913936640791656e-08 5.047786635496400e-09 -1.103879383414499e-04 -4.161739993235452e-06
1.175539994477640e+02    MJD1A01 -5.350161062045943e-08 -8.187643320349669e-08 -1.130388860505158e-04 -1.086214178418912e-06
1.211438414477640e+02        D64 -3.474250693445645e-07 -8.187643320349669e-08 -1.169382233291995e-04 -1.086214178418912e-06
1.211438414477640e+02    SBC1A02 -3.474250693445645e-07 -8.187643320349669e-08 -1.169382233291995e-04 -1.086214178418912e-06
1.217358414477640e+02        D65 -3.958959178010380e-07 -8.187643320349669e-08 -1.175812621228236e-04 -1.086214178418912e-06
1.217358414477640e+02    SSS1A02 -3.958959178010380e-07 -8.187643320349669e-08 -1.175812621228236e-04 -1.086214178418912e-06
1.227691914477640e+02        D66 -4.805029300518698e-07 -8.187643320349669e-08 -1.187037015440927e-04 -1.086214178418912e-06
1.227691914477640e+02    IPM1A03 -4.805029300518698e-07 -8.187643320349669e-08 -1.187037015440927e-04 -1.086214178418912e-06
1.230688414477639e+02        D67 -5.050372032612902e-07 -8.187643320349669e-08 -1.190291856226559e-04 -1.086214178418912e-06
1.232188414477639e+02    MQB1A03 -5.238578291731854e-07 -1.696058874153181e-07 -1.177037701491875e-04 1.872182227615328e-05
1.236830814477639e+02        D68 -6.025956663468661e-07 -1.696058874153181e-07 -1.090123513757068e-04 1.872182227615328e-05
1.236830814477639e+02   MBT1A03V -6.025956663468661e-07 -1.696058874153181e-07 -1.090123513757068e-04 1.872182227615328e-05
1.264260014477640e+02        D69 -1.067811047056114e-06 -1.696058874153181e-07 -5.765989061799781e-05 1.872182227615328e-05
1.264260014477640e+02    IPM1A04 -1.067811047056114e-06 -1.696058874153181e-07 -5.765989061799781e-05 1.872182227615328e-05
1.267256514477639e+02        D70 -1.118633451220098e-06 -1.696058874153181e-07 -5.204989657295024e-05 1.872182227615328e-05
1.268756514477639e+02    MQL1A04 -1.115761063675392e-06 2.077466898277847e-07 -5.050693710223818e-05 1.936871407946953e-06
1.271444014477639e+02        D71 -1.059929140784184e-06 2.077466898277847e-07 -4.998640291135253e-05 1.936871407946953e-06
1.271444014477639e+02   MBT1A04H -1.059929140784184e-06 2.077466898277847e-07 -4.998640291135253e-05 1.936871407946953e-06
1.278459514477639e+02        D72 -9.141844505355018e-07 2.077466898277847e-07 -4.862759077510735e-05 1.936871407946953e-06
1.278459514477639e+02    ITV1A04 -9.141844505355018e-07 2.077466898277847e-07 -4.862759077510735e-05 1.936871407946953e-06
1.300828204477639e+02        D73 -4.494823202071134e-07 2.077466898277847e-07 -4.429506316568444e-05 1.936871407946953e-06
1.300828204477639e+02    IPM1A05 -4.494823202071134e-07 2.077466898277847e-07 -4.429506316568444e-05 1.936871407946953e-06
1.303824704477639e+02        D74 -3.872310246002135e-07 2.077466898277847e-07 -4.371467964829310e-05 1.936871407946953e-06
1.305324704477639e+02    MQB1A05 -3.598718269330740e-07 1.576571123782475e-07 -4.299632179913060e-05 7.625646987835173e-06
1.309967104477639e+02        D75 -2.866810890825937e-07 1.576571123782475e-07 -3.945619144149787e-05 7.625646987835173e-06
1.309967104477639e+02   MBT1A05V -2.866810890825937e-07 1.576571123782475e-07 -3.945619144149787e-05 7.625646987835173e-06
1.360473102477639e+02        D76 5.095818911635602e-07 1.576571123782475e-07 -9.421002898669472e-07 7.625646987835173e-06
1.370489184377639e+02    MJD1A02 6.347267834365145e-07 6.481064431203565e-08 6.721739465619642e-06 7.546097366210364e-06
1.422641104377639e+02        D77 9.727267371674880e-07 6.481064431203565e-08 4.607608608110101e-05 7.546097366210364e-06
1.422641104377639e+02    IPM1A06 9.727267371674880e-07 6.481064431203565e-08 4.607608608110101e-05 7.546097366210364e-06
1.425637604377639e+02        D78 9.921472467355866e-07 6.481064431203565e-08 4.833727415688566e-05 7.546097366210364e-06
1.427137604377639e+02    MQB1A06 9.918242972443079e-07 -6.910973704568930e-08 4.995292203600745e-05 1.403169800521126e-05
1.429825104377639e+02        D79 9.732510554132785e-07 -6.910973704568930e-08 5.372394087490813e-05 1.403169800521126e-05
1.429825104377639e+02   MBT1A06H 9.732510554132785e-07 -6.910973704568930e-08 5.372394087490813e-05 1.403169800521126e-05
1.482286114377639e+02        D80 6.106943947881494e-07 -6.910973704568930e-08 1.273356458117452e-04 1.403169800521126e-05
1.492302196277639e+02    MJD1A03 5.110559029868439e-07 -1.575855686530114e-07 1.396550821332169e-04 1.035651340562498e-05
1.544454116277639e+02        D81 -3.107830939677913e-07 -1.575855686530114e-07 1.936662879941250e-04 1.035651340562498e-05
1.544454116277639e+02    IPM1A07 -3.107830939677913e-07 -1.575855686530114e-07 1.936662879941250e-04 1.035651340562498e-05
1.547450616277639e+02        D82 -3.580036096146605e-07 -1.575855686530114e-07 1.967696172361202e-04 1.035651340562498e-05
1.548950616277639e+02    MQB1A07 -3.855585769884935e-07 -2.104723463652579e-07 1.962637967904407e-04 -1.708911044143077e-05
1.553593016277639e+02        D83 -4.832682590651042e-07 -2.104723463652579e-07 1.883303481591105e-04 -1.708911044143077e-05
1.553593016277639e+02   MBT1A07V -4.832682590651042e-07 -2.104723463652579e-07 1.883303481591105e-04 -1.708911044143077e-05
1.581022196277639e+02        D84 -1.060576646412600e-06 -2.104723463652579e-07 1.414563195253226e-04 -1.708911044143077e-05
1.581022196277639e+02    IPM1A08 -1.060576646412600e-06 -2.104723463652579e-07 1.414563195253226e-04 -1.708911044143077e-05
1.584018696277638e+02        D85 -1.123644685000930e-06 -2.104723463652579e-07 1.363355675815495e-04 -1.708911044143077e-05
1.585518696277638e+02    MQB1A08 -1.133936412120591e-06 7.367467855028694e-08 1.362759866521877e-04 1.629222917495119e-05
1.588206196277638e+02        D86 -1.114136342260199e-06 7.367467855028694e-08 1.406545232429560e-04 1.629222917495119e-05
1.588206196277638e+02   MBT1A08H -1.114136342260199e-06 7.367467855028694e-08 1.406545232429560e-04 1.629222917495119e-05
1.617590383277638e+02        D87 -8.976492890915431e-07 7.367467855028694e-08 1.885279141153191e-04 1.629222917495119e-05
1.617590383277638e+02    IPM1A09 -8.976492890915431e-07 7.367467855028694e-08 1.885279141153191e-04 1.629222917495119e-05
1.620586883277637e+02        D88 -8.755726716639570e-07 7.367467855028694e-08 1.934098805875917e-04 1.629222917495119e-05
1.622086883277638e+02    MQB1A09 -8.723977851574963e-07 -3.127902267560600e-08 1.941416735287970e-04 -6.549265251450313e-06
1.626729283277638e+02        D89 -8.869187586444207e-07 -3.127902267560600e-08 1.911012426284636e-04 -6.549265251450313e-06
1.626729283277638e+02   MBT1A09V -8.869187586444207e-07 -3.127902267560600e-08 1.911012426284636e-04 -6.549265251450313e-06
1.677235443277638e+02        D90 -1.044897091034200e-06 -3.127902267560600e-08 1.580234187612442e-04 -6.549265251450313e-06
1.687251525177638e+02    MJD1A04 -1.096421717816290e-06 -1.014800173313151e-07 1.492701232324504e-04 -1.077923574970993e-05
1.711079245177638e+02        D91 -1.338225461672855e-06 -1.014800173313151e-07 1.235856621066433e-04 -1.077923574970993e-05
1.711079245177638e+02    IPM1A10 -1.338225461672855e-06 -1.014800173313151e-07 1.235856621066433e-04 -1.077923574970993e-05
1.739403445177638e+02        D92 -1.625659492362427e-06 -1.014800173313151e-07 9.305433918444917e-05 -1.077923574970993e-05
1.739403445177638e+02    IPM1A11 -1.625659492362427e-06 -1.014800173313151e-07 9.305433918444917e-05 -1.077923574970993e-05
1.742399945177638e+02        D93 -1.656067979555757e-06 -1.014800173313151e-07 8.982434119204838e-05 -1.077923574970993e-05
1.743899945177639e+02    MQB1A11 -1.647481656344480e-06 2.156935630520555e-07 8.946439353899302e-05 5.968596589246783e-06
1.746587445177638e+02        D94 -1.589514011274250e-06 2.156935630520555e-07 9.106845387235283e-05 5.968596589246783e-06
1.746587445177638e+02   MBT1A11H -1.589514011274250e-06 2.156935630520555e-07 9.106845387235283e-05 5.968596589246783e-06
1.799048405177637e+02        D95 -4.579648729211316e-07 2.156935630520555e-07 1.223802845648136e-04 5.968596589246783e-06
1.809064487077637e+02    MJD1A05 -2.702474057453529e-07 1.340190164575566e-07 1.266784318129583e-04 2.540247469166882e-06
1.861216407077637e+02        D96 4.286874967319648e-07 1.340190164575566e-07 1.399263100921777e-04 2.540247469166882e-06
1.861216407077637e+02    IPM1A13 4.286874967319648e-07 1.340190164575566e-07 1.399263100921777e-04 2.540247469166882e-06
1.864212907077637e+02        D97 4.688462950134741e-07 1.340190164575566e-07 1.406874952463136e-04 2.540247469166882e-06
1.865712907077638e+02    MQB1A13 4.939511213002466e-07 2.013044056944004e-07 1.396148108635221e-04 -1.681821559690485e-05
1.870355307077638e+02        D98 5.874046785998187e-07 2.013044056944004e-07 1.318071224548147e-04 -1.681821559690485e-05
1.870355307077638e+02   MBT1A13V 5.874046785998187e-07 2.013044056944004e-07 1.318071224548147e-04 -1.681821559690485e-05
1.897784507077638e+02        D99 1.139566559067110e-06 2.013044056944004e-07 8.567610252975195e-05 -1.681821559690485e-05
1.897784507077638e+02    IPM1A14 1.139566559067110e-06 2.013044056944004e-07 8.567610252975195e-05 -1.681821559690485e-05
1.900781007077638e+02       D100 1.199887424233441e-06 2.013044056944004e-07 8.063652422613908e-05 -1.681821559690485e-05
1.902281007077638e+02    MQB1A14 1.210300241563560e-06 -6.284402686120612e-08 7.940286552725606e-05 3.248000786203286e-07
1.904968507077638e+02       D101 1.193410909344613e-06 -6.284402686120612e-08 7.949015554838526e-05 3.248000786203286e-07
1.904968507077638e+02   MBT1A14H 1.193410909344613e-06 -6.284402686120612e-08 7.949015554838526e-05 3.248000786203286e-07
1.937348987077638e+02       D102 9.899189338547369e-07 -6.284402686120612e-08 8.054187379336167e-05 3.248000786203286e-07
1.938848987077638e+02    MQB1A15 9.900602810972486e-07 6.473309206347749e-08 7.982648563920557e-05 -9.848296573783862e-06
1.943491387077638e+02       D103 1.020111971756798e-06 6.473309206347749e-08 7.525451243779198e-05 -9.848296573783862e-06
1.943491387077638e+02   MBT1A15V 1.020111971756798e-06 6.473309206347749e-08 7.525451243779198e-05 -9.848296573783862e-06
1.993997487077638e+02       D104 1.347053573863516e-06 6.473309206347749e-08 2.551460727927385e-05 -9.848296573783862e-06
2.004013568977638e+02    MJD1A06 1.378077602462785e-06 -3.151405323958893e-08 1.528142431214469e-05 -1.040986380199452e-05
2.056165488977638e+02       D105 1.213725764120108e-06 -3.151405323958893e-08 -3.900801410910672e-05 -1.040986380199452e-05
2.056165488977638e+02    IPM1A16 1.213725764120108e-06 -3.151405323958893e-08 -3.900801410910672e-05 -1.040986380199452e-05
2.059161988977638e+02       D106 1.204282578066864e-06 -3.151405323958893e-08 -4.212732979737459e-05 -1.040986380199452e-05
2.060661988977638e+02    MQB1A16 1.191787891812305e-06 -1.349030982273333e-07 -4.395922942492320e-05 -1.404135643136231e-05
2.065304388977638e+02       D107 1.129160477491245e-06 -1.349030982273333e-07 -5.047778873461910e-05 -1.404135643136231e-05
2.065304388977638e+02   MBT1A16H 1.129160477491245e-06 -1.349030982273333e-07 -5.047778873461910e-05 -1.404135643136231e-05
2.115810488977638e+02       D108 4.478175405532984e-07 -1.349030982273333e-07 -1.213952039404213e-04 -1.404135643136231e-05
2.125826570877638e+02    MJD1A07 2.815915209697684e-07 -2.257235017448879e-07 -1.338063710183230e-04 -1.052845189573605e-05
2.180975090877638e+02       D109 -9.632401840750289e-07 -2.257235017448879e-07 -1.918692250124268e-04 -1.052845189573605e-05
2.182475090877638e+02    MQB1A17 -1.009179340737064e-06 -3.880716586126965e-07 -1.911220097542964e-04 2.047135646316418e-05
2.187117490877638e+02       D110 -1.189337727531429e-06 -3.880716586126965e-07 -1.816183872298367e-04 2.047135646316418e-05
2.187117490877638e+02   MBT1A17V -1.189337727531429e-06 -3.880716586126965e-07 -1.816183872298367e-04 2.047135646316418e-05
2.214546790877638e+02       D111 -2.253791122089953e-06 -3.880716586126965e-07 -1.254668894463298e-04 2.047135646316418e-05
2.214546790877638e+02    IPM1A18 -2.253791122089953e-06 -3.880716586126965e-07 -1.254668894463298e-04 2.047135646316418e-05
2.217543290877638e+02       D112 -2.370076794593255e-06 -3.880716586126965e-07 -1.193326474821422e-04 2.047135646316418e-05
2.219043290877638e+02    MQB1A18 -2.391888201012064e-06 9.798641753294707e-08 -1.180360854187936e-04 -3.140342867775514e-06
2.221730790877638e+02       D113 -2.365554351300090e-06 9.798641753294707e-08 -1.188800525645081e-04 -3.140342867775514e-06
2.221730790877638e+02   MBT1A18H -2.365554351300090e-06 9.798641753294707e-08 -1.188800525645081e-04 -3.140342867775514e-06
2.251114839877638e+02       D114 -2.077630581887830e-06 9.798641753294707e-08 -1.281076514348598e-04 -3.140342867775514e-06
2.251114839877638e+02    IPM1A19 -2.077630581887830e-06 9.798641753294707e-08 -1.281076514348598e-04 -3.140342867775514e-06
2.254111339877638e+02       D115 -2.048268951874081e-06 9.798641753294707e-08 -1.290486551751888e-04 -3.140342867775514e-06
2.255611339877638e+02    MQB1A19 -2.047696167935113e-06 -9.034086354588171e-08 -1.286471606109353e-04 8.487597610716708e-06
2.260253739877638e+02       D116 -2.089636010427655e-06 -9.034086354588171e-08 -1.247068782961361e-04 8.487597610716708e-06
2.260253739877638e+02   MBT1A19V -2.089636010427655e-06 -9.034086354588171e-08 -1.247068782961361e-04 8.487597610716708e-06
2.310759737877638e+02       D117 -2.545911557784308e-06 -9.034086354588171e-08 -8.183941950097030e-05 8.487597610716708e-06
2.320775819777638e+02    MJD1A08 -2.647950244253737e-06 -1.479550387287567e-07 -7.219354985484260e-05 1.060789549350795e-05
2.372927639777638e+02       D118 -3.419562699041255e-06 -1.479550387287567e-07 -1.687144421921851e-05 1.060789549350795e-05
2.372927639777638e+02    IPM1A21 -3.419562699041255e-06 -1.479550387287567e-07 -1.687144421921851e-05 1.060789549350795e-05
2.375924139777638e+02       D119 -3.463897426396327e-06 -1.479550387287567e-07 -1.369278833458864e-05 1.060789549350795e-05
2.377424139777638e+02    MQB1A21 -3.462214453986167e-06 1.703695835080437e-07 -1.219038647590966e-05 9.446719526252365e-06
2.380111639777638e+02       D120 -3.416427628418388e-06 1.703695835080437e-07 -9.651580603229756e-06 9.446719526252365e-06
2.380111639777638e+02   MBT1A21H -3.416427628418388e-06 1.703695835080437e-07 -9.651580603229756e-06 9.446719526252365e-06
2.387127139777638e+02       D121 -3.296904847108322e-06 1.703695835080437e-07 -3.024234519587438e-06 9.446719526252365e-06
2.387127139777638e+02    ITV1A21 -3.296904847108322e-06 1.703695835080437e-07 -3.024234519587438e-06 9.446719526252365e-06
2.388489979777638e+02       D122 -3.273686198789500e-06 1.703695835080437e-07 -1.736797795671226e-06 9.446719526252365e-06
2.388489979777638e+02    IHA1A21 -3.273686198789500e-06 1.703695835080437e-07 -1.736797795671226e-06 9.446719526252365e-06
2.442588329732222e+02       D123 -2.352014863766019e-06 1.703695835080437e-07 4.936839608972873e-05 9.446719526252365e-06
2.442588329732222e+02    ISR1A21 -2.352014863766019e-06 1.703695835080437e-07 4.936839608972873e-05 9.446719526252365e-06
2.432572347832221e+02       D124 -2.522656730238735e-06 1.703695835080437e-07 3.990657891079643e-05 9.446719526252365e-06
2.442588429732222e+02    MJD1A09 -2.372617911784935e-06 1.086668993917663e-07 4.883334368831119e-05 8.225190691159054e-06
2.494740741677638e+02       D125 -1.805894908262881e-06 1.086668993917663e-07 9.172961476189725e-05 8.225190691159054e-06
2.494740741677638e+02    IPM1A23 -1.805894908262881e-06 1.086668993917663e-07 9.172961476189725e-05 8.225190691159054e-06
2.497737241677638e+02       D126 -1.773332871860135e-06 1.086668993917663e-07 9.419429315250322e-05 8.225190691159054e-06
2.499237241677638e+02    MQB1A23 -1.769293372220253e-06 -5.474573573699738e-08 9.478918050496361e-05 -3.022584786363214e-07
2.503879641677638e+02       D127 -1.794708532578797e-06 -5.474573573699738e-08 9.464886002884148e-05 -3.022584786363214e-07
2.503879641677638e+02   MBT1A23V -1.794708532578797e-06 -5.474573573699738e-08 9.464886002884148e-05 -3.022584786363214e-07
2.531308841677638e+02       D128 -1.944871706046523e-06 -5.474573573699738e-08 9.381978920262033e-05 -3.022584786363214e-07
2.531308841677638e+02    IPM1A24 -1.944871706046523e-06 -5.474573573699738e-08 9.381978920262033e-05 -3.022584786363214e-07
2.534305341677639e+02       D129 -1.961276265760116e-06 -5.474573573699738e-08 9.372921744949696e-05 -3.022584786363214e-07
2.535805341677639e+02    MQB1A24 -1.939436741192984e-06 3.452049536791826e-07 9.508912465944269e-05 1.848000021281555e-05
2.538492841677638e+02       D130 -1.846662909891720e-06 3.452049536791826e-07 1.000556247166360e-04 1.848000021281555e-05
2.538492841677638e+02   MBT1A24H -1.846662909891720e-06 3.452049536791826e-07 1.000556247166360e-04 1.848000021281555e-05
2.570873497677638e+02       D131 -7.288666244335649e-07 3.452049536791826e-07 1.598950776937467e-04 1.848000021281555e-05
2.572373497677638e+02    MQB1A25 -6.859798121150205e-07 2.278094293573104e-07 1.607223963955230e-04 -7.471190098203112e-06
2.577015897677638e+02       D132 -5.802215626301788e-07 2.278094293573104e-07 1.572539711043331e-04 -7.471190098203112e-06
2.577015897677638e+02   MBT1A25V -5.802215626301788e-07 2.278094293573104e-07 1.572539711043331e-04 -7.471190098203112e-06
2.627521997677638e+02       D133 5.703550193761381e-07 2.278094293573104e-07 1.195199036824478e-04 -7.471190098203112e-06
2.637538079577638e+02    MJD1A10 7.673051040710571e-07 1.396657175478845e-07 1.103734029475173e-04 -1.063572121103606e-05
2.689689999577638e+02       D134 1.495688636901044e-06 1.396657175478845e-07 5.490607477349179e-05 -1.063572121103606e-05
2.689689999577638e+02    IPM1A26 1.495688636901044e-06 1.396657175478845e-07 5.490607477349179e-05 -1.063572121103606e-05
2.692686499577638e+02       D135 1.537539469164270e-06 1.396657175478845e-07 5.171908091260461e-05 -1.063572121103606e-05
2.694186499577638e+02    MQB1A26 1.548559109752835e-06 7.104839526894547e-09 5.044830854783538e-05 -6.325871269422944e-06
2.698828899577638e+02       D136 1.551857460454799e-06 7.104839526894547e-09 4.751158606971835e-05 -6.325871269422944e-06
2.698828899577638e+02   MBT1A26H 1.551857460454799e-06 7.104839526894547e-09 4.751158606971835e-05 -6.325871269422944e-06
2.749334897577638e+02       D137 1.587741161548365e-06 7.104839526894547e-09 1.556214190154546e-05 -6.325871269422944e-06
2.759350979477638e+02    MJD1A11 1.558111633644483e-06 -9.399376210254339e-08 9.000465573768588e-06 -6.663978804359155e-06
2.814499499477638e+02       D138 1.039749946725747e-06 -9.399376210254339e-08 -2.775039126340911e-05 -6.663978804359155e-06
2.815999499477638e+02    MQB1A27 1.035678469045808e-06 3.961947017020981e-08 -2.848359857141311e-05 -3.096732477918655e-06
2.820641899477638e+02       D139 1.054071411877626e-06 3.961947017020981e-08 -2.992122565696212e-05 -3.096732477918655e-06
2.820641899477638e+02   MBT1A27V 1.054071411877626e-06 3.961947017020981e-08 -2.992122565696212e-05 -3.096732477918655e-06
2.848071199477638e+02       D140 1.162744845191601e-06 3.961947017020981e-08 -3.841534607261954e-05 -3.096732477918655e-06
2.848071199477638e+02    IPM1A28 1.162744845191601e-06 3.961947017020981e-08 -3.841534607261954e-05 -3.096732477918655e-06
2.851067699477638e+02       D141 1.174616819428105e-06 3.961947017020981e-08 -3.934328195962793e-05 -3.096732477918655e-06
2.852567699477638e+02    MQB1A28 1.161312429232135e-06 -2.165316743177339e-07 -4.044581037799315e-05 -1.164353509612065e-05
2.855249079777639e+02       D142 1.103252052647966e-06 -2.165316743177339e-07 -4.356788494090334e-05 -1.164353509612065e-05
2.855249079777639e+02   MBT1A28H 1.103252052647966e-06 -2.165316743177339e-07 -4.356788494090334e-05 -1.164353509612065e-05
2.884639279777639e+02       D143 4.668611311946534e-07 -2.165316743177339e-07 -7.778846745910420e-05 -1.164353509612065e-05
2.884639279777639e+02    IPM1A29 4.668611311946534e-07 -2.165316743177339e-07 -7.778846745910420e-05 -1.164353509612065e-05
2.887635779777639e+02       D144 4.019774149853401e-07 -2.165316743177339e-07 -8.127745275065698e-05 -1.164353509612065e-05
2.889135779777639e+02    MQB1A29 3.685290034266478e-07 -2.292635337612671e-07 -8.322306512162870e-05 -1.430849036856083e-05
2.944284179777639e+02       D145 -8.958227031013392e-07 -2.292635337612671e-07 -1.621321001457829e-04 -1.430849036856083e-05
2.954300261677639e+02    MJD1A12 -1.145120333234647e-06 -3.026202598412002e-07 -1.742486729663944e-04 -9.678130072897407e-06
2.987266881677639e+02       D146 -2.142757044283248e-06 -3.026202598412002e-07 -2.061541966087722e-04 -9.678130072897407e-06
2.987266881677639e+02   MBT1A30V -2.142757044283248e-06 -3.026202598412002e-07 -2.061541966087722e-04 -9.678130072897407e-06
3.006452181677639e+02       D147 -2.723343091396397e-06 -3.026202598412002e-07 -2.247219794975284e-04 -9.678130072897407e-06
3.006452181677639e+02    IPM1A31 -2.723343091396397e-06 -3.026202598412002e-07 -2.247219794975284e-04 -9.678130072897407e-06
3.009448681677640e+02       D148 -2.814023252257816e-06 -3.026202598412002e-07 -2.276220311738723e-04 -9.678130072897407e-06
3.010948681677639e+02    MQB1A31 -2.819034525676732e-06 2.359625184830687e-07 -2.322848186967177e-04 -5.263923243481919e-05
3.013636181677639e+02       D149 -2.755619598834418e-06 2.359625184830687e-07 -2.464316124135730e-04 -5.263923243481919e-05
3.013636181677639e+02   MBT1A31H -2.755619598834418e-06 2.359625184830687e-07 -2.464316124135730e-04 -5.263923243481919e-05
3.020651681677639e+02       D150 -2.590080093992621e-06 2.359625184830687e-07 -2.833606659282203e-04 -5.263923243481919e-05
3.020651681677639e+02    ITV1A31 -2.590080093992621e-06 2.359625184830687e-07 -2.833606659282203e-04 -5.263923243481919e-05
3.066097141677638e+02       D151 -1.517737574470486e-06 2.359625184830687e-07 -5.225820791329439e-04 -5.263923243481919e-05
3.076113223577638e+02    MJD1A13 -1.307038389704464e-06 1.606811690495332e-07 -5.681778751463935e-04 -3.762467344967221e-05
3.128265263577638e+02       D152 -4.690533141526658e-07 1.606811690495332e-07 -7.643982226198167e-04 -3.762467344967221e-05
3.128265263577638e+02    IPM1A33 -4.690533141526658e-07 1.606811690495332e-07 -7.643982226198167e-04 -3.762467344967221e-05
3.131261763577638e+02       D153 -4.209052018469697e-07 1.606811690495332e-07 -7.756724560190117e-04 -3.762467344967221e-05
3.132761763577638e+02    MQB1A33 -4.005789623169509e-07 1.107409235870557e-07 -7.744622541234898e-04 5.373709120915035e-05
3.137404163577638e+02       D154 -3.491685959508945e-07 1.107409235870557e-07 -7.495153469005528e-04 5.373709120915035e-05
3.137404163577638e+02   MBT1A33V -3.491685959508945e-07 1.107409235870557e-07 -7.495153469005528e-04 5.373709120915035e-05
3.164833483577638e+02       D155 -4.541377293440486e-08 1.107409235870557e-07 -6.021181598360556e-04 5.373709120915035e-05
3.164833483577638e+02    IPM1A34 -4.541377293440486e-08 1.107409235870557e-07 -6.021181598360556e-04 5.373709120915035e-05
3.167829983577639e+02       D156 -1.223025518154160e-08 1.107409235870557e-07 -5.860158404552327e-04 5.373709120915035e-05
3.169329983577638e+02    MQB1A34 4.715689395264695e-09 1.145065255099096e-07 -5.887354651918304e-04 -9.011144959028813e-05
3.172017483577638e+02       D157 3.548931812604760e-08 1.145065255099096e-07 -6.129529172692163e-04 -9.011144959028813e-05
3.172017483577638e+02   MBT1A34H 3.548931812604760e-08 1.145065255099096e-07 -6.129529172692163e-04 -9.011144959028813e-05
3.204398070577638e+02       D158 4.062681692601814e-07 1.145065255099096e-07 -9.047390805846593e-04 -9.011144959028813e-05
3.205898070577638e+02    MQB1A35 4.277718794640296e-07 1.727254291472118e-07 -9.087649579482103e-04 3.652601041214120e-05
3.210540470577638e+02       D159 5.079579326913343e-07 1.727254291472118e-07 -8.918081228744773e-04 3.652601041214120e-05
3.210540470577638e+02   MBT1A35V 5.079579326913343e-07 1.727254291472118e-07 -8.918081228744773e-04 3.652601041214120e-05
3.261046450577638e+02       D160 1.380324639691382e-06 1.727254291472118e-07 -7.073299277389381e-04 3.652601041214120e-05
3.271062532477638e+02    MJD1A14 1.517857788362971e-06 7.396201061840197e-08 -6.609146455574704e-04 5.536019627449018e-05
3.323214572477638e+02       D161 1.903584761988101e-06 7.396201061840197e-08 -3.721999285059658e-04 5.536019627449018e-05
3.323214572477638e+02    IPM1A36 1.903584761988101e-06 7.396201061840197e-08 -3.721999285059658e-04 5.536019627449018e-05
3.326211072477638e+02       D162 1.925747478469909e-06 7.396201061840197e-08 -3.556112456923138e-04 5.536019627449018e-05
3.327711072477638e+02    MQB1A36 1.917419330411955e-06 -1.848194583492721e-07 -3.508111536656140e-04 8.747463096421377e-06
3.330398572477637e+02       D163 1.867749100980597e-06 -1.848194583492721e-07 -3.484602729584511e-04 8.747463096421377e-06
3.330398572477637e+02   MBT1A36H 1.867749100980597e-06 -1.848194583492721e-07 -3.484602729584511e-04 8.747463096421377e-06
3.382859519477636e+02       D164 8.981687200776264e-07 -1.848194583492721e-07 -3.025702531698700e-04 8.747463096421377e-06
3.392875601377636e+02    MJD1A15 6.795129646777339e-07 -2.810753400994901e-07 -2.896152215066621e-04 1.689902610211265e-05
3.448024019377636e+02       D165 -8.705730698521446e-07 -2.810753400994901e-07 -1.964197659794406e-04 1.689902610211265e-05
3.449524019377636e+02    MQB1A37 -9.215816108624506e-07 -4.001789272561510e-07 -1.919666270365358e-04 4.237953980665749e-05
3.454166419377636e+02       D166 -1.107360676051853e-06 -4.001789272561510e-07 -1.722923494766924e-04 4.237953980665749e-05
3.454166419377636e+02   MBT1A37V -1.107360676051853e-06 -4.001789272561510e-07 -1.722923494766924e-04 4.237953980665749e-05
3.481595719377636e+02       D167 -2.205023460990569e-06 -4.001789272561510e-07 -5.604823835481737e-05 4.237953980665749e-05
3.481595719377636e+02    IPM1A38 -2.205023460990569e-06 -4.001789272561510e-07 -5.604823835481737e-05 4.237953980665749e-05
3.484592219377637e+02       D168 -2.324937076542882e-06 -4.001789272561510e-07 -4.334920925175160e-05 4.237953980665749e-05
3.486092219377637e+02    MQL1A38 -2.326429810971506e-06 3.803595634649217e-07 -3.801327068347494e-05 2.906337398682750e-05
3.488779719377636e+02       D169 -2.224208178290325e-06 3.803595634649217e-07 -3.020248892451635e-05 2.906337398682750e-05
3.488779719377636e+02   MBT1A38H -2.224208178290325e-06 3.803595634649217e-07 -3.020248892451635e-05 2.906337398682750e-05
3.518163801377636e+02       D170 -1.106556518056566e-06 3.803595634649217e-07 5.519756751804512e-05 2.906337398682750e-05
3.518163801377636e+02    IPM1A39 -1.106556518056566e-06 3.803595634649217e-07 5.519756751804512e-05 2.906337398682750e-05
3.521160301377637e+02       D171 -9.925817748642940e-07 3.803595634649217e-07 6.390640753319855e-05 2.906337398682750e-05
3.522660301377637e+02    MQB1A39 -9.479703172653304e-07 2.157311400997416e-07 6.744893760020861e-05 1.807254164446074e-05
3.577808803377636e+02       D172 2.417546038599379e-07 2.157311400997416e-07 1.671162975026696e-04 1.807254164446074e-05
3.587824885277636e+02    MJD1A16 4.270444599762895e-07 1.261703754022459e-07 1.829405187285351e-04 1.325392876255433e-05
3.614649015277636e+02       D173 7.654855151701502e-07 1.261703754022459e-07 2.184930295422844e-04 1.325392876255433e-05
3.616149015277635e+02    MQB1A40 7.787968170342354e-07 5.109850211515561e-08 2.220683351109594e-04 3.447455466421053e-05
3.620791415277636e+02       D174 8.025187856561762e-07 5.109850211515561e-08 2.380728023682731e-04 3.447455466421053e-05
3.620791415277636e+02   MBT1A40V 8.025187856561762e-07 5.109850211515561e-08 2.380728023682731e-04 3.447455466421053e-05
3.640001515277636e+02       D175 9.006795192044129e-07 5.109850211515561e-08 3.042987666237689e-04 3.447455466421053e-05
3.640001515277636e+02    IPM1R01 9.006795192044129e-07 5.109850211515561e-08 3.042987666237689e-04 3.447455466421053e-05
3.642998015277636e+02       D176 9.159911853632197e-07 5.109850211515561e-08 3.146290669289003e-04 3.447455466421053e-05
3.644498015277636e+02    MQB1R01 9.104412041007586e-07 -1.249232068975831e-07 3.243380988317446e-04 9.529085763524886e-05
3.647185515277636e+02       D177 8.768680922470385e-07 -1.249232068975831e-07 3.499475168212135e-04 9.529085763524886e-05
3.647185515277636e+02   MBT1R01H 8.768680922470385e-07 -1.249232068975831e-07 3.499475168212135e-04 9.529085763524886e-05
3.654201015277636e+02       D178 7.892282164480393e-07 -1.249232068975831e-07 4.167988179952221e-04 9.529085763524886e-05
3.654201015277636e+02    ITV1R01 7.892282164480393e-07 -1.249232068975831e-07 4.167988179952221e-04 9.529085763524886e-05
3.700001515277636e+02       D179 2.170736826967600e-07 -1.249232068975831e-07 8.532357105075465e-04 9.529085763524886e-05
3.700001515277636e+02    IPM1R02 2.170736826967600e-07 -1.249232068975831e-07 8.532357105075465e-04 9.529085763524886e-05
3.702998015277636e+02       D180 1.796404437498967e-07 -1.249232068975831e-07 8.817896159979507e-04 9.529085763524886e-05
3.704498015277636e+02    MQL1R02 1.644010965707886e-07 -7.894877087276189e-08 8.786071880373573e-04 -1.375850962796955e-04
3.709140415277636e+02       D181 1.277499191808162e-07 -7.894877087276189e-08 8.147346829404689e-04 -1.375850962796955e-04
3.709140415277636e+02   MBT1R02V 1.277499191808162e-07 -7.894877087276189e-08 8.147346829404689e-04 -1.375850962796955e-04
3.745805715277636e+02       D182 -1.617181176872884e-07 -7.894877087276189e-08 3.102747998780811e-04 -1.375850962796955e-04
3.745805715277636e+02    IDA1R02 -1.617181176872884e-07 -7.894877087276189e-08 3.102747998780811e-04 -1.375850962796955e-04
3.760001515277636e+02       D183 -2.737922138428438e-07 -7.894877087276189e-08 1.149617489013510e-04 -1.375850962796955e-04
3.760001515277636e+02    IPM1R03 -2.737922138428438e-07 -7.894877087276189e-08 1.149617489013510e-04 -1.375850962796955e-04
3.762998015277636e+02       D184 -2.974492130348682e-07 -7.894877087276189e-08 7.373437480113746e-05 -1.375850962796955e-04
3.764498015277636e+02    MQL1R03 -3.014915389480193e-07 2.528751877998700e-08 5.486258823405305e-05 -1.151597104597805e-04
3.767185515277636e+02       D185 -2.946955182758994e-07 2.528751877998700e-08 2.391341604799223e-05 -1.151597104597805e-04
3.767185515277636e+02   MBT1R03H -2.946955182758994e-07 2.528751877998700e-08 2.391341604799223e-05 -1.151597104597805e-04
3.820001515277636e+02       D186 -1.611369590875191e-07 2.528751877998700e-08 -5.843141107163878e-04 -1.151597104597805e-04
3.820001515277636e+02    IPM1R04 -1.611369590875191e-07 2.528751877998700e-08 -5.843141107163878e-04 -1.151597104597805e-04
3.822998015277636e+02       D187 -1.535595540850956e-07 2.528751877998700e-08 -6.188217179556633e-04 -1.151597104597805e-04
3.824498015277636e+02    MQL1R04 -1.527029601469944e-07 -1.383933955157845e-08 -6.243689304004867e-04 4.142630619890363e-05
3.829140415277636e+02       D188 -1.591277351404193e-07 -1.383933955157845e-08 -6.051371820107069e-04 4.142630619890363e-05
3.829140415277636e+02   MBT1R04V -1.591277351404193e-07 -1.383933955157845e-08 -6.051371820107069e-04 4.142630619890363e-05
3.834195015277636e+02       D189 -1.661229677101598e-07 -1.383933955157845e-08 -5.841978412794103e-04 4.142630619890363e-05
3.834195015277636e+02    ITV1R04 -1.661229677101598e-07 -1.383933955157845e-08 -5.841978412794103e-04 4.142630619890363e-05
3.861093015277636e+02       D190 -2.033480232359952e-07 -1.383933955157845e-08 -4.727693628656005e-04 4.142630619890363e-05
3.862593015277636e+02    MQB1R05 -2.079694222416637e-07 -4.791273534546250e-08 -4.609849513590177e-04 1.153909666922921e-04
3.878096515277635e+02       D191 -2.822509314845019e-07 -4.791273534546250e-08 -2.820885661476249e-04 1.153909666922921e-04
3.878096515277635e+02    IPM1R06 -2.822509314845019e-07 -4.791273534546250e-08 -2.820885661476249e-04 1.153909666922921e-04
3.881093015277636e+02       D192 -2.966079826307708e-07 -4.791273534546250e-08 -2.475116629782773e-04 1.153909666922921e-04
3.882593015277636e+02    MQL1R06 -2.941100298172100e-07 8.105089544544743e-08 -2.376898852908293e-04 1.625226670188883e-05
3.885280515277635e+02       D193 -2.723276016662493e-07 8.105089544544743e-08 -2.333220886146974e-04 1.625226670188883e-05
3.885280515277635e+02   MBT1R06H -2.723276016662493e-07 8.105089544544743e-08 -2.333220886146974e-04 1.625226670188883e-05
3.901093015277635e+02       D194 -1.441658732431416e-07 8.105089544544743e-08 -2.076231918923368e-04 1.625226670188883e-05
3.902593015277635e+02    MQL1R07 -1.349037121961692e-07 4.285880892732617e-08 -2.012305662974397e-04 6.871346830766007e-05
3.907235415277635e+02       D195 -1.150069387397461e-07 4.285880892732617e-08 -1.693310257702903e-04 6.871346830766007e-05
3.907235415277635e+02   MBT1R07V -1.150069387397461e-07 4.285880892732617e-08 -1.693310257702903e-04 6.871346830766007e-05
3.911782775277634e+02       D196 -9.551749540337082e-08 4.285880892732617e-08 -1.380845380459386e-04 6.871346830766007e-05
3.921916280673635e+02    MXI1R01 -4.756437567792829e-08 4.943887698941331e-08 -6.855416138506633e-05 7.064034957519395e-05
3.925693749073634e+02       D197 -2.888899612203134e-08 4.943887698941331e-08 -4.186999255654465e-05 7.064034957519395e-05
3.935827254469634e+02    MXI1R02 2.313528946546574e-08 5.015308246277270e-08 2.878455673486900e-05 7.118177177806653e-05
3.939530089169634e+02       D198 4.170614687097763e-08 5.015308246277270e-08 5.514199018959983e-05 7.118177177806653e-05
3.939530089169634e+02    IPM1R08 4.170614687097763e-08 5.015308246277270e-08 5.514199018959983e-05 7.118177177806653e-05
3.941764589169633e+02       D199 5.291285314727959e-08 5.015308246277270e-08 7.104755709340254e-05 7.118177177806653e-05
3.944764589169633e+02    MQN1R08 7.251324018431023e-08 8.247871229094513e-08 8.593935532003506e-05 2.677896532633836e-05
3.957593100169634e+02       D200 1.783211469733345e-07 8.247871229094513e-08 1.202927804457906e-04 2.677896532633836e-05
3.957593100169634e+02    IPM1R09 1.783211469733345e-07 8.247871229094513e-08 1.202927804457906e-04 2.677896532633836e-05
3.960577600169634e+02       D201 2.029369186565653e-07 8.247871229094513e-08 1.282849626474357e-04 2.677896532633836e-05
3.962077600169633e+02    MQL1R09 2.104243418109483e-07 1.695347606278628e-08 1.354453903300994e-04 6.908397605028469e-05
3.963985140169633e+02       D202 2.136582851838281e-07 1.695347606278628e-08 1.486234350975933e-04 6.908397605028469e-05
3.963985140169633e+02   MBT1R09H 2.136582851838281e-07 1.695347606278628e-08 1.486234350975933e-04 6.908397605028469e-05
4.019630079169633e+02       D203 3.079957993189986e-07 1.695347606278628e-08 5.330407984171487e-04 6.908397605028469e-05
4.019630079169633e+02    IPM1R10 3.079957993189986e-07 1.695347606278628e-08 5.330407984171487e-04 6.908397605028469e-05
4.022614579169633e+02       D204 3.130555642499369e-07 1.695347606278628e-08 5.536589110693547e-04 6.908397605028469e-05
4.024114579169633e+02    MQB1R10 3.191057160483151e-07 6.387002896410413e-08 5.578832774648213e-04 -1.286198873557522e-05
4.026022119169633e+02       D205 3.312891795533319e-07 6.387002896410413e-08 5.554298016655557e-04 -1.286198873557522e-05
4.026022119169633e+02   MBT1R10H 3.312891795533319e-07 6.387002896410413e-08 5.554298016655557e-04 -1.286198873557522e-05
4.027980459169632e+02       D206 3.437971028054876e-07 6.387002896410413e-08 5.529109869635133e-04 -1.286198873557522e-05
4.027980459169632e+02   MBT1R10V 3.437971028054876e-07 6.387002896410413e-08 5.529109869635133e-04 -1.286198873557522e-05
4.032753415269634e+02       D207 3.742819872406334e-07 6.387002896410413e-08 5.467720162041527e-04 -1.286198873557522e-05
4.042835950515633e+02    MXJ1R04 4.235543187769435e-07 2.998415113994069e-08 5.286912729349048e-04 -2.369392102954233e-05
4.076456183515634e+02       D208 5.243617335401465e-07 2.998415113994069e-08 4.490317583652227e-04 -2.369392102954233e-05
4.076456183515634e+02   IPM1R10A 5.243617335401465e-07 2.998415113994069e-08 4.490317583652227e-04 -2.369392102954233e-05
4.081065387215634e+02       D209 5.381820395777047e-07 2.998415113994069e-08 4.381107475175351e-04 -2.369392102954233e-05
4.091298578066634e+02    MXQ1R06 5.101677860503131e-07 -2.627803107288761e-08 4.385777093497170e-04 -2.222406381446011e-05
