4.81012e-35
7.77151e-07
6.20685e-07
1.137e-06
1.8643e-06
1.40983e-07
1.45882e-06
1.63139e-06
1.69875e-07
6.69388e-07
2.24098e-06
8.823e-06
5.44161e-06
1.97331e-06
7.73377e-08
2.43182e-06
4.26825e-07
4.58376e-07
4.58376e-07
2.47375e-06
6.86563e-06
4.48607e-06
6.02387e-07
2.39736e-06
2.36089e-07
7.80915e-08
2.58905e-06
4.43777e-06
3.66314e-06
9.92434e-06
6.83776e-06
0.000148879
0.000320217
0.00033022
0.000192534
9.0815e-05
0.000125869
0.000972166
0.00210513
0.00162812
0.00181362
0.000611072
6.2717e-06
5.14877
4.44233e-05
