0
2.26146e-05
1.39922e-05
6.51825e-06
0.000113068
0.000175757
0.00108471
0.000190448
4.42895e-05
4.53402e-05
0.000694876
0.000294885
0.000562516
0.000125427
8.43247e-05
1.56815e-05
1.51714e-06
3.27518e-05
5.83782e-05
0.000898361
0.000482326
3.48864e-05
0.000144266
0.000282327
0.000210993
0.000434885
0.000245779
9.12105e-06
0.000577207
0.0011322
0.00575695
0.0631291
0.0388454
0.014828
0.00032739
0.000337989
0.00984775
0.0777479
0.0010502
0.0448482
0.00873164
0.00116865
0.00161234
4.39559
0.00511453
