0
4.30816e-06
5.32025e-07
6.00461e-08
7.40577e-07
3.18709e-07
4.76876e-08
9.5452e-07
9.07831e-07
2.78426e-11
2.54825e-06
2.2099e-05
6.2249e-06
3.68236e-06
6.74408e-07
6.98402e-07
2.39294e-06
3.46332e-08
3.46332e-08
3.59823e-06
1.48089e-05
8.21711e-06
3.53428e-06
3.48252e-06
1.03458e-06
3.07818e-09
3.15894e-06
3.55869e-06
5.55322e-06
9.83153e-06
6.7787e-06
0.000161664
0.000350325
0.000344562
0.000291242
3.32759e-05
0.000147478
0.000920796
0.0022355
0.00252569
0.00392622
0.000875718
0.00336108
211.134
1.30017e-05
