5.81927e-31
6.35968e-06
0.000143269
0.00011804
0.000243809
0.000162853
0.000258642
4.51073e-07
0.000228202
0.000236487
0.00133002
0.000468158
0.000787602
9.57606e-05
3.07329e-08
8.27316e-06
6.83784e-05
0.000156671
0.000170144
0.0016371
0.000814565
2.45288e-05
0.000357925
0.000592455
0.000281836
0.000359621
0.000171846
3.46366e-05
0.000629904
0.00119077
0.00589059
0.0670807
0.0409367
0.0185786
0.0015498
0.00019567
0.00739099
0.0682506
4.37865e-05
0.0864454
0.00815624
0.0109603
0.00118438
191.341
0.112051
