-0.9577726779216329
2.1363857961774078
-1.8465728676939321
-1.0825899069379412
2.641927616641144
-1.7407629270299851
-0.5058482365573997
0.7082846313214134
-0.5665936577260587
0.4407708757829252
-0.43938179608230865
0.45878561127825257
-0.38732615540501636
0.6852631389093026
0.30490457604286725
-1.0859832711628121
2.21909392080411
-0.8459572487434737
0.9086725512098682
-0.9020962953729379
1.6653020694470988
-0.7573150618415236
1.2759111767218039
-0.8918974193275244
1.459612543150217
-0.8171094512886018
0.5904528390459465
-1.0497101106509832
1.357123304724097
-0.5735763758211264
0.626238620515427
-0.5735763758211264
1.357123304724097
-1.0497101106509832
0.5904528390459465
-0.8171094512886018
1.459612543150217
-0.8918974193275244
1.2759111767218039
-0.7573150618415236
1.6653020694470988
-0.9020962953729379
0.9086725512098682
-0.8459572487434737
2.21909392080411
-1.0859832711628121
0.6704116713465406
1.2995809425761469
-1.7308942428712752
2.3633586116385117
-1.6469822524660331
-1.0267422497055
2.766755473090932
-1.678237040029137
-1.8378138853101431
2.1753106249171057
-0.9537906033119373
