-0.000217720272494
-0.000182736135602
0.00324379955452
-0.000323774684635
-3.06422497546e-05
0.000240079694248
-0.000476763101728
-0.00253381863296
8.34185222347e-06
2.70847859501e-06
-3.89043098724e-06
0.00108172583723
-0.00109907139263
0.000277805785663
-0.0043062160356
-0.0038786210937
0.000146240457091
-2.25288383929e-05
0.000178054098544
-1.91109020113e-05
-9.55026045788e-05
0.000205380616252
-0.00115711405071
0.00121783092744
-0.000908673041489
-0.00025274525094
0.00177484016353
-0.000515564560048
-0.00263302788242
0.000247901596768
-0.00341487681653
0.000461806840842
-0.00253044459766
0.00237632921257
-0.00504853155801
0.0273204415502
0.00063667002869
-0.000183823368687
0.000689014972343
-0.000278079514071
0.000484405324204
-0.00121041088375
-0.00511286597468
-0.00293291589087
0.00029553302395
-0.000853322919407
0.000331829130154
-0.00635275561042
0.000371192948425
-0.000831772865674
-0.000872622489954
0.00101262385777
-0.0047157742054
-0.00497304513919
-0.000518529626035
