0.000290482
0.000290482
0.000290482
0.000290482
0.000290482
0.000290482
0.000290482
0.000290482
0.000290482
0.000290482
0.000290482
0.000290482
0.000290482
0.000290482
0.000290482
0.000290482
0.000290482
0.000290482
0.000290482
0.000290482
0.000290482
0.000290482
0.000290482
0.000290482
0.000290482
0.000290482
0.000290482
0.000290482
0.000290482
0.000290482
0.000290482
0.000290482
0.000290482
0.000290482
0.000290482
0.000290482
0.000290482
0.000290482
0.000290482
0.000290482
0.000290482
0.000290482
0.000290482
0.000290482
0.000290482
0.000290482
0.000290482
0.000290482
0.000290482
0.000290482
0.000290482
0.000290482
0.000290482
0.000290482
0.000290482
0.000290482
0.000290482
