2.83047e-05
2.83047e-05
2.83047e-05
2.83047e-05
2.83047e-05
2.83047e-05
2.83047e-05
2.83047e-05
2.83047e-05
2.83047e-05
2.83047e-05
2.83047e-05
2.83047e-05
2.83047e-05
2.83047e-05
2.83047e-05
2.83047e-05
2.83047e-05
2.83047e-05
2.83047e-05
2.83047e-05
2.83047e-05
2.83047e-05
2.83047e-05
2.83047e-05
2.83047e-05
2.83047e-05
2.83047e-05
2.83047e-05
2.83047e-05
2.83047e-05
2.83047e-05
2.83047e-05
2.83047e-05
2.83047e-05
2.83047e-05
2.83047e-05
2.83047e-05
2.83047e-05
2.83047e-05
2.83047e-05
2.83047e-05
2.83047e-05
2.83047e-05
2.83047e-05
2.83047e-05
2.83047e-05
2.83047e-05
2.83047e-05
2.83047e-05
2.83047e-05
2.83047e-05
2.83047e-05
2.83047e-05
2.83047e-05
2.83047e-05
2.83047e-05
