1.26217e-06
1.26217e-06
1.26217e-06
1.26217e-06
1.26217e-06
1.26217e-06
1.26217e-06
1.26217e-06
1.26217e-06
1.26217e-06
1.26217e-06
1.26217e-06
1.26217e-06
1.26217e-06
1.26217e-06
1.26217e-06
1.26217e-06
1.26217e-06
1.26217e-06
1.26217e-06
1.26217e-06
1.26217e-06
1.26217e-06
1.26217e-06
1.26217e-06
1.26217e-06
1.26217e-06
1.26217e-06
1.26217e-06
1.26217e-06
1.26217e-06
1.26217e-06
1.26217e-06
1.26217e-06
1.26217e-06
1.26217e-06
1.26217e-06
1.26217e-06
1.26217e-06
1.26217e-06
1.26217e-06
1.26217e-06
1.26217e-06
1.26217e-06
1.26217e-06
1.26217e-06
1.26217e-06
1.26217e-06
1.26217e-06
1.26217e-06
1.26217e-06
1.26217e-06
1.26217e-06
1.26217e-06
1.26217e-06
1.26217e-06
1.26217e-06
