0.00029591
0.00029591
0.00029591
0.00029591
0.00029591
0.00029591
0.00029591
0.00029591
0.00029591
0.00029591
0.00029591
0.00029591
0.00029591
0.00029591
0.00029591
0.00029591
0.00029591
0.00029591
0.00029591
0.00029591
0.00029591
0.00029591
0.00029591
0.00029591
0.00029591
0.00029591
0.00029591
0.00029591
0.00029591
0.00029591
0.00029591
0.00029591
0.00029591
0.00029591
0.00029591
0.00029591
0.00029591
0.00029591
0.00029591
0.00029591
0.00029591
0.00029591
0.00029591
0.00029591
0.00029591
0.00029591
0.00029591
0.00029591
0.00029591
0.00029591
0.00029591
0.00029591
0.00029591
0.00029591
0.00029591
0.00029591
0.00029591
