4.83272e-05
4.83272e-05
4.83272e-05
4.83272e-05
4.83272e-05
4.83272e-05
4.83272e-05
4.83272e-05
4.83272e-05
4.83272e-05
4.83272e-05
4.83272e-05
4.83272e-05
4.83272e-05
4.83272e-05
4.83272e-05
4.83272e-05
4.83272e-05
4.83272e-05
4.83272e-05
4.83272e-05
4.83272e-05
4.83272e-05
4.83272e-05
4.83272e-05
4.83272e-05
4.83272e-05
4.83272e-05
4.83272e-05
4.83272e-05
4.83272e-05
4.83272e-05
4.83272e-05
4.83272e-05
4.83272e-05
4.83272e-05
4.83272e-05
4.83272e-05
4.83272e-05
4.83272e-05
4.83272e-05
4.83272e-05
4.83272e-05
4.83272e-05
4.83272e-05
4.83272e-05
4.83272e-05
4.83272e-05
4.83272e-05
4.83272e-05
4.83272e-05
4.83272e-05
4.83272e-05
4.83272e-05
4.83272e-05
4.83272e-05
4.83272e-05
