7.59904e-05
7.59904e-05
7.59904e-05
7.59904e-05
7.59904e-05
7.59904e-05
7.59904e-05
7.59904e-05
7.59904e-05
7.59904e-05
7.59904e-05
7.59904e-05
7.59904e-05
7.59904e-05
7.59904e-05
7.59904e-05
7.59904e-05
7.59904e-05
7.59904e-05
7.59904e-05
7.59904e-05
7.59904e-05
7.59904e-05
7.59904e-05
7.59904e-05
7.59904e-05
7.59904e-05
7.59904e-05
7.59904e-05
7.59904e-05
7.59904e-05
7.59904e-05
7.59904e-05
7.59904e-05
7.59904e-05
7.59904e-05
7.59904e-05
7.59904e-05
7.59904e-05
7.59904e-05
7.59904e-05
7.59904e-05
7.59904e-05
7.59904e-05
7.59904e-05
7.59904e-05
7.59904e-05
7.59904e-05
7.59904e-05
7.59904e-05
7.59904e-05
7.59904e-05
7.59904e-05
7.59904e-05
7.59904e-05
7.59904e-05
7.59904e-05
