0.000127089
0.000127089
0.000127089
0.000127089
0.000127089
0.000127089
0.000127089
0.000127089
0.000127089
0.000127089
0.000127089
0.000127089
0.000127089
0.000127089
0.000127089
0.000127089
0.000127089
0.000127089
0.000127089
0.000127089
0.000127089
0.000127089
0.000127089
0.000127089
0.000127089
0.000127089
0.000127089
0.000127089
0.000127089
0.000127089
0.000127089
0.000127089
0.000127089
0.000127089
0.000127089
0.000127089
0.000127089
0.000127089
0.000127089
0.000127089
0.000127089
0.000127089
0.000127089
0.000127089
0.000127089
0.000127089
0.000127089
0.000127089
0.000127089
0.000127089
0.000127089
0.000127089
0.000127089
0.000127089
0.000127089
0.000127089
0.000127089
