2.78895e-05
2.78895e-05
2.78895e-05
2.78895e-05
2.78895e-05
2.78895e-05
2.78895e-05
2.78895e-05
2.78895e-05
2.78895e-05
2.78895e-05
2.78895e-05
2.78895e-05
2.78895e-05
2.78895e-05
2.78895e-05
2.78895e-05
2.78895e-05
2.78895e-05
2.78895e-05
2.78895e-05
2.78895e-05
2.78895e-05
2.78895e-05
2.78895e-05
2.78895e-05
2.78895e-05
2.78895e-05
2.78895e-05
2.78895e-05
2.78895e-05
2.78895e-05
2.78895e-05
2.78895e-05
2.78895e-05
2.78895e-05
2.78895e-05
2.78895e-05
2.78895e-05
2.78895e-05
2.78895e-05
2.78895e-05
2.78895e-05
2.78895e-05
2.78895e-05
2.78895e-05
2.78895e-05
2.78895e-05
2.78895e-05
2.78895e-05
2.78895e-05
2.78895e-05
2.78895e-05
2.78895e-05
2.78895e-05
2.78895e-05
2.78895e-05
