-5.12926e-07
-5.12926e-07
-5.12926e-07
-5.12926e-07
-5.12926e-07
-5.12926e-07
-5.12926e-07
-5.12926e-07
-5.12926e-07
-5.12926e-07
-5.12926e-07
-5.12926e-07
-5.12926e-07
-5.12926e-07
-5.12926e-07
-5.12926e-07
-5.12926e-07
-5.12926e-07
-5.12926e-07
-5.12926e-07
-5.12926e-07
-5.12926e-07
-5.12926e-07
-5.12926e-07
-5.12926e-07
-5.12926e-07
-5.12926e-07
-5.12926e-07
-5.12926e-07
-5.12926e-07
-5.12926e-07
-5.12926e-07
-5.12926e-07
-5.12926e-07
-5.12926e-07
-5.12926e-07
-5.12926e-07
-5.12926e-07
-5.12926e-07
-5.12926e-07
-5.12926e-07
-5.12926e-07
-5.12926e-07
-5.12926e-07
-5.12926e-07
-5.12926e-07
-5.12926e-07
-5.12926e-07
-5.12926e-07
-5.12926e-07
-5.12926e-07
-5.12926e-07
-5.12926e-07
-5.12926e-07
-5.12926e-07
-5.12926e-07
-5.12926e-07
