4.84667e-05
4.84667e-05
4.84667e-05
4.84667e-05
4.84667e-05
4.84667e-05
4.84667e-05
4.84667e-05
4.84667e-05
4.84667e-05
4.84667e-05
4.84667e-05
4.84667e-05
4.84667e-05
4.84667e-05
4.84667e-05
4.84667e-05
4.84667e-05
4.84667e-05
4.84667e-05
4.84667e-05
4.84667e-05
4.84667e-05
4.84667e-05
4.84667e-05
4.84667e-05
4.84667e-05
4.84667e-05
4.84667e-05
4.84667e-05
4.84667e-05
4.84667e-05
4.84667e-05
4.84667e-05
4.84667e-05
4.84667e-05
4.84667e-05
4.84667e-05
4.84667e-05
4.84667e-05
4.84667e-05
4.84667e-05
4.84667e-05
4.84667e-05
4.84667e-05
4.84667e-05
4.84667e-05
4.84667e-05
4.84667e-05
4.84667e-05
4.84667e-05
4.84667e-05
4.84667e-05
4.84667e-05
4.84667e-05
4.84667e-05
4.84667e-05
