0.000277328
0.000277328
0.000277328
0.000277328
0.000277328
0.000277328
0.000277328
0.000277328
0.000277328
0.000277328
0.000277328
0.000277328
0.000277328
0.000277328
0.000277328
0.000277328
0.000277328
0.000277328
0.000277328
0.000277328
0.000277328
0.000277328
0.000277328
0.000277328
0.000277328
0.000277328
0.000277328
0.000277328
0.000277328
0.000277328
0.000277328
0.000277328
0.000277328
0.000277328
0.000277328
0.000277328
0.000277328
0.000277328
0.000277328
0.000277328
0.000277328
0.000277328
0.000277328
0.000277328
0.000277328
0.000277328
0.000277328
0.000277328
0.000277328
0.000277328
0.000277328
0.000277328
0.000277328
0.000277328
0.000277328
0.000277328
0.000277328
