4.74753e-05
4.74753e-05
4.74753e-05
4.74753e-05
4.74753e-05
4.74753e-05
4.74753e-05
4.74753e-05
4.74753e-05
4.74753e-05
4.74753e-05
4.74753e-05
4.74753e-05
4.74753e-05
4.74753e-05
4.74753e-05
4.74753e-05
4.74753e-05
4.74753e-05
4.74753e-05
4.74753e-05
4.74753e-05
4.74753e-05
4.74753e-05
4.74753e-05
4.74753e-05
4.74753e-05
4.74753e-05
4.74753e-05
4.74753e-05
4.74753e-05
4.74753e-05
4.74753e-05
4.74753e-05
4.74753e-05
4.74753e-05
4.74753e-05
4.74753e-05
4.74753e-05
4.74753e-05
4.74753e-05
4.74753e-05
4.74753e-05
4.74753e-05
4.74753e-05
4.74753e-05
4.74753e-05
4.74753e-05
4.74753e-05
4.74753e-05
4.74753e-05
4.74753e-05
4.74753e-05
4.74753e-05
4.74753e-05
4.74753e-05
4.74753e-05
