0.00014417
0.00014417
0.00014417
0.00014417
0.00014417
0.00014417
0.00014417
0.00014417
0.00014417
0.00014417
0.00014417
0.00014417
0.00014417
0.00014417
0.00014417
0.00014417
0.00014417
0.00014417
0.00014417
0.00014417
0.00014417
0.00014417
0.00014417
0.00014417
0.00014417
0.00014417
0.00014417
0.00014417
0.00014417
0.00014417
0.00014417
0.00014417
0.00014417
0.00014417
0.00014417
0.00014417
0.00014417
0.00014417
0.00014417
0.00014417
0.00014417
0.00014417
0.00014417
0.00014417
0.00014417
0.00014417
0.00014417
0.00014417
0.00014417
0.00014417
0.00014417
0.00014417
0.00014417
0.00014417
0.00014417
0.00014417
0.00014417
