-8.29502e-06
-8.29502e-06
-8.29502e-06
-8.29502e-06
-8.29502e-06
-8.29502e-06
-8.29502e-06
-8.29502e-06
-8.29502e-06
-8.29502e-06
-8.29502e-06
-8.29502e-06
-8.29502e-06
-8.29502e-06
-8.29502e-06
-8.29502e-06
-8.29502e-06
-8.29502e-06
-8.29502e-06
-8.29502e-06
-8.29502e-06
-8.29502e-06
-8.29502e-06
-8.29502e-06
-8.29502e-06
-8.29502e-06
-8.29502e-06
-8.29502e-06
-8.29502e-06
-8.29502e-06
-8.29502e-06
-8.29502e-06
-8.29502e-06
-8.29502e-06
-8.29502e-06
-8.29502e-06
-8.29502e-06
-8.29502e-06
-8.29502e-06
-8.29502e-06
-8.29502e-06
-8.29502e-06
-8.29502e-06
-8.29502e-06
-8.29502e-06
-8.29502e-06
-8.29502e-06
-8.29502e-06
-8.29502e-06
-8.29502e-06
-8.29502e-06
-8.29502e-06
-8.29502e-06
-8.29502e-06
-8.29502e-06
-8.29502e-06
-8.29502e-06
