0.000166383
0.000166383
0.000166383
0.000166383
0.000166383
0.000166383
0.000166383
0.000166383
0.000166383
0.000166383
0.000166383
0.000166383
0.000166383
0.000166383
0.000166383
0.000166383
0.000166383
0.000166383
0.000166383
0.000166383
0.000166383
0.000166383
0.000166383
0.000166383
0.000166383
0.000166383
0.000166383
0.000166383
0.000166383
0.000166383
0.000166383
0.000166383
0.000166383
0.000166383
0.000166383
0.000166383
0.000166383
0.000166383
0.000166383
0.000166383
0.000166383
0.000166383
0.000166383
0.000166383
0.000166383
0.000166383
0.000166383
0.000166383
0.000166383
0.000166383
0.000166383
0.000166383
0.000166383
0.000166383
0.000166383
0.000166383
0.000166383
