9.50124e-05
9.50124e-05
9.50124e-05
9.50124e-05
9.50124e-05
9.50124e-05
9.50124e-05
9.50124e-05
9.50124e-05
9.50124e-05
9.50124e-05
9.50124e-05
9.50124e-05
9.50124e-05
9.50124e-05
9.50124e-05
9.50124e-05
9.50124e-05
9.50124e-05
9.50124e-05
9.50124e-05
9.50124e-05
9.50124e-05
9.50124e-05
9.50124e-05
9.50124e-05
9.50124e-05
9.50124e-05
9.50124e-05
9.50124e-05
9.50124e-05
9.50124e-05
9.50124e-05
9.50124e-05
9.50124e-05
9.50124e-05
9.50124e-05
9.50124e-05
9.50124e-05
9.50124e-05
9.50124e-05
9.50124e-05
9.50124e-05
9.50124e-05
9.50124e-05
9.50124e-05
9.50124e-05
9.50124e-05
9.50124e-05
9.50124e-05
9.50124e-05
9.50124e-05
9.50124e-05
9.50124e-05
9.50124e-05
9.50124e-05
9.50124e-05
