-3.20301e-06
-3.20301e-06
-3.20301e-06
-3.20301e-06
-3.20301e-06
-3.20301e-06
-3.20301e-06
-3.20301e-06
-3.20301e-06
-3.20301e-06
-3.20301e-06
-3.20301e-06
-3.20301e-06
-3.20301e-06
-3.20301e-06
-3.20301e-06
-3.20301e-06
-3.20301e-06
-3.20301e-06
-3.20301e-06
-3.20301e-06
-3.20301e-06
-3.20301e-06
-3.20301e-06
-3.20301e-06
-3.20301e-06
-3.20301e-06
-3.20301e-06
-3.20301e-06
-3.20301e-06
-3.20301e-06
-3.20301e-06
-3.20301e-06
-3.20301e-06
-3.20301e-06
-3.20301e-06
-3.20301e-06
-3.20301e-06
-3.20301e-06
-3.20301e-06
-3.20301e-06
-3.20301e-06
-3.20301e-06
-3.20301e-06
-3.20301e-06
-3.20301e-06
-3.20301e-06
-3.20301e-06
-3.20301e-06
-3.20301e-06
-3.20301e-06
-3.20301e-06
-3.20301e-06
-3.20301e-06
-3.20301e-06
-3.20301e-06
-3.20301e-06
