0.000204321
0.000204321
0.000204321
0.000204321
0.000204321
0.000204321
0.000204321
0.000204321
0.000204321
0.000204321
0.000204321
0.000204321
0.000204321
0.000204321
0.000204321
0.000204321
0.000204321
0.000204321
0.000204321
0.000204321
0.000204321
0.000204321
0.000204321
0.000204321
0.000204321
0.000204321
0.000204321
0.000204321
0.000204321
0.000204321
0.000204321
0.000204321
0.000204321
0.000204321
0.000204321
0.000204321
0.000204321
0.000204321
0.000204321
0.000204321
0.000204321
0.000204321
0.000204321
0.000204321
0.000204321
0.000204321
0.000204321
0.000204321
0.000204321
0.000204321
0.000204321
0.000204321
0.000204321
0.000204321
0.000204321
0.000204321
0.000204321
