1.06901e-05
1.06901e-05
1.06901e-05
1.06901e-05
1.06901e-05
1.06901e-05
1.06901e-05
1.06901e-05
1.06901e-05
1.06901e-05
1.06901e-05
1.06901e-05
1.06901e-05
1.06901e-05
1.06901e-05
1.06901e-05
1.06901e-05
1.06901e-05
1.06901e-05
1.06901e-05
1.06901e-05
1.06901e-05
1.06901e-05
1.06901e-05
1.06901e-05
1.06901e-05
1.06901e-05
1.06901e-05
1.06901e-05
1.06901e-05
1.06901e-05
1.06901e-05
1.06901e-05
1.06901e-05
1.06901e-05
1.06901e-05
1.06901e-05
1.06901e-05
1.06901e-05
1.06901e-05
1.06901e-05
1.06901e-05
1.06901e-05
1.06901e-05
1.06901e-05
1.06901e-05
1.06901e-05
1.06901e-05
1.06901e-05
1.06901e-05
1.06901e-05
1.06901e-05
1.06901e-05
1.06901e-05
1.06901e-05
1.06901e-05
1.06901e-05
