0.00018934
0.00018934
0.00018934
0.00018934
0.00018934
0.00018934
0.00018934
0.00018934
0.00018934
0.00018934
0.00018934
0.00018934
0.00018934
0.00018934
0.00018934
0.00018934
0.00018934
0.00018934
0.00018934
0.00018934
0.00018934
0.00018934
0.00018934
0.00018934
0.00018934
0.00018934
0.00018934
0.00018934
0.00018934
0.00018934
0.00018934
0.00018934
0.00018934
0.00018934
0.00018934
0.00018934
0.00018934
0.00018934
0.00018934
0.00018934
0.00018934
0.00018934
0.00018934
0.00018934
0.00018934
0.00018934
0.00018934
0.00018934
0.00018934
0.00018934
0.00018934
0.00018934
0.00018934
0.00018934
0.00018934
0.00018934
0.00018934
