9.00329e-06
9.00329e-06
9.00329e-06
9.00329e-06
9.00329e-06
9.00329e-06
9.00329e-06
9.00329e-06
9.00329e-06
9.00329e-06
9.00329e-06
9.00329e-06
9.00329e-06
9.00329e-06
9.00329e-06
9.00329e-06
9.00329e-06
9.00329e-06
9.00329e-06
9.00329e-06
9.00329e-06
9.00329e-06
9.00329e-06
9.00329e-06
9.00329e-06
9.00329e-06
9.00329e-06
9.00329e-06
9.00329e-06
9.00329e-06
9.00329e-06
9.00329e-06
9.00329e-06
9.00329e-06
9.00329e-06
9.00329e-06
9.00329e-06
9.00329e-06
9.00329e-06
9.00329e-06
9.00329e-06
9.00329e-06
9.00329e-06
9.00329e-06
9.00329e-06
9.00329e-06
9.00329e-06
9.00329e-06
9.00329e-06
9.00329e-06
9.00329e-06
9.00329e-06
9.00329e-06
9.00329e-06
9.00329e-06
9.00329e-06
9.00329e-06
