8.48751e-05
8.48751e-05
8.48751e-05
8.48751e-05
8.48751e-05
8.48751e-05
8.48751e-05
8.48751e-05
8.48751e-05
8.48751e-05
8.48751e-05
8.48751e-05
8.48751e-05
8.48751e-05
8.48751e-05
8.48751e-05
8.48751e-05
8.48751e-05
8.48751e-05
8.48751e-05
8.48751e-05
8.48751e-05
8.48751e-05
8.48751e-05
8.48751e-05
8.48751e-05
8.48751e-05
8.48751e-05
8.48751e-05
8.48751e-05
8.48751e-05
8.48751e-05
8.48751e-05
8.48751e-05
8.48751e-05
8.48751e-05
8.48751e-05
8.48751e-05
8.48751e-05
8.48751e-05
8.48751e-05
8.48751e-05
8.48751e-05
8.48751e-05
8.48751e-05
8.48751e-05
8.48751e-05
8.48751e-05
8.48751e-05
8.48751e-05
8.48751e-05
8.48751e-05
8.48751e-05
8.48751e-05
8.48751e-05
8.48751e-05
8.48751e-05
