-3.65371e-06
-3.65371e-06
-3.65371e-06
-3.65371e-06
-3.65371e-06
-3.65371e-06
-3.65371e-06
-3.65371e-06
-3.65371e-06
-3.65371e-06
-3.65371e-06
-3.65371e-06
-3.65371e-06
-3.65371e-06
-3.65371e-06
-3.65371e-06
-3.65371e-06
-3.65371e-06
-3.65371e-06
-3.65371e-06
-3.65371e-06
-3.65371e-06
-3.65371e-06
-3.65371e-06
-3.65371e-06
-3.65371e-06
-3.65371e-06
-3.65371e-06
-3.65371e-06
-3.65371e-06
-3.65371e-06
-3.65371e-06
-3.65371e-06
-3.65371e-06
-3.65371e-06
-3.65371e-06
-3.65371e-06
-3.65371e-06
-3.65371e-06
-3.65371e-06
-3.65371e-06
-3.65371e-06
-3.65371e-06
-3.65371e-06
-3.65371e-06
-3.65371e-06
-3.65371e-06
-3.65371e-06
-3.65371e-06
-3.65371e-06
-3.65371e-06
-3.65371e-06
-3.65371e-06
-3.65371e-06
-3.65371e-06
-3.65371e-06
-3.65371e-06
