7.88766e-06
7.88766e-06
7.88766e-06
7.88766e-06
7.88766e-06
7.88766e-06
7.88766e-06
7.88766e-06
7.88766e-06
7.88766e-06
7.88766e-06
7.88766e-06
7.88766e-06
7.88766e-06
7.88766e-06
7.88766e-06
7.88766e-06
7.88766e-06
7.88766e-06
7.88766e-06
7.88766e-06
7.88766e-06
7.88766e-06
7.88766e-06
7.88766e-06
7.88766e-06
7.88766e-06
7.88766e-06
7.88766e-06
7.88766e-06
7.88766e-06
7.88766e-06
7.88766e-06
7.88766e-06
7.88766e-06
7.88766e-06
7.88766e-06
7.88766e-06
7.88766e-06
7.88766e-06
7.88766e-06
7.88766e-06
7.88766e-06
7.88766e-06
7.88766e-06
7.88766e-06
7.88766e-06
7.88766e-06
7.88766e-06
7.88766e-06
7.88766e-06
7.88766e-06
7.88766e-06
7.88766e-06
7.88766e-06
7.88766e-06
7.88766e-06
