2.89324e-05
2.89324e-05
2.89324e-05
2.89324e-05
2.89324e-05
2.89324e-05
2.89324e-05
2.89324e-05
2.89324e-05
2.89324e-05
2.89324e-05
2.89324e-05
2.89324e-05
2.89324e-05
2.89324e-05
2.89324e-05
2.89324e-05
2.89324e-05
2.89324e-05
2.89324e-05
2.89324e-05
2.89324e-05
2.89324e-05
2.89324e-05
2.89324e-05
2.89324e-05
2.89324e-05
2.89324e-05
2.89324e-05
2.89324e-05
2.89324e-05
2.89324e-05
2.89324e-05
2.89324e-05
2.89324e-05
2.89324e-05
2.89324e-05
2.89324e-05
2.89324e-05
2.89324e-05
2.89324e-05
2.89324e-05
2.89324e-05
2.89324e-05
2.89324e-05
2.89324e-05
2.89324e-05
2.89324e-05
2.89324e-05
2.89324e-05
2.89324e-05
2.89324e-05
2.89324e-05
2.89324e-05
2.89324e-05
2.89324e-05
2.89324e-05
