2.97689e-07
2.97689e-07
2.97689e-07
2.97689e-07
2.97689e-07
2.97689e-07
2.97689e-07
2.97689e-07
2.97689e-07
2.97689e-07
2.97689e-07
2.97689e-07
2.97689e-07
2.97689e-07
2.97689e-07
2.97689e-07
2.97689e-07
2.97689e-07
2.97689e-07
2.97689e-07
2.97689e-07
2.97689e-07
2.97689e-07
2.97689e-07
2.97689e-07
2.97689e-07
2.97689e-07
2.97689e-07
2.97689e-07
2.97689e-07
2.97689e-07
2.97689e-07
2.97689e-07
2.97689e-07
2.97689e-07
2.97689e-07
2.97689e-07
2.97689e-07
2.97689e-07
2.97689e-07
2.97689e-07
2.97689e-07
2.97689e-07
2.97689e-07
2.97689e-07
2.97689e-07
2.97689e-07
2.97689e-07
2.97689e-07
2.97689e-07
2.97689e-07
2.97689e-07
2.97689e-07
2.97689e-07
2.97689e-07
2.97689e-07
2.97689e-07
