2.43472e-05
2.43472e-05
2.43472e-05
2.43472e-05
2.43472e-05
2.43472e-05
2.43472e-05
2.43472e-05
2.43472e-05
2.43472e-05
2.43472e-05
2.43472e-05
2.43472e-05
2.43472e-05
2.43472e-05
2.43472e-05
2.43472e-05
2.43472e-05
2.43472e-05
2.43472e-05
2.43472e-05
2.43472e-05
2.43472e-05
2.43472e-05
2.43472e-05
2.43472e-05
2.43472e-05
2.43472e-05
2.43472e-05
2.43472e-05
2.43472e-05
2.43472e-05
2.43472e-05
2.43472e-05
2.43472e-05
2.43472e-05
2.43472e-05
2.43472e-05
2.43472e-05
2.43472e-05
2.43472e-05
2.43472e-05
2.43472e-05
2.43472e-05
2.43472e-05
2.43472e-05
2.43472e-05
2.43472e-05
2.43472e-05
2.43472e-05
2.43472e-05
2.43472e-05
2.43472e-05
2.43472e-05
2.43472e-05
2.43472e-05
2.43472e-05
