1.45829e-05
1.45829e-05
1.45829e-05
1.45829e-05
1.45829e-05
1.45829e-05
1.45829e-05
1.45829e-05
1.45829e-05
1.45829e-05
1.45829e-05
1.45829e-05
1.45829e-05
1.45829e-05
1.45829e-05
1.45829e-05
1.45829e-05
1.45829e-05
1.45829e-05
1.45829e-05
1.45829e-05
1.45829e-05
1.45829e-05
1.45829e-05
1.45829e-05
1.45829e-05
1.45829e-05
1.45829e-05
1.45829e-05
1.45829e-05
1.45829e-05
1.45829e-05
1.45829e-05
1.45829e-05
1.45829e-05
1.45829e-05
1.45829e-05
1.45829e-05
1.45829e-05
1.45829e-05
1.45829e-05
1.45829e-05
1.45829e-05
1.45829e-05
1.45829e-05
1.45829e-05
1.45829e-05
1.45829e-05
1.45829e-05
1.45829e-05
1.45829e-05
1.45829e-05
1.45829e-05
1.45829e-05
1.45829e-05
1.45829e-05
1.45829e-05
