0.000171447
0.000171447
0.000171447
0.000171447
0.000171447
0.000171447
0.000171447
0.000171447
0.000171447
0.000171447
0.000171447
0.000171447
0.000171447
0.000171447
0.000171447
0.000171447
0.000171447
0.000171447
0.000171447
0.000171447
0.000171447
0.000171447
0.000171447
0.000171447
0.000171447
0.000171447
0.000171447
0.000171447
0.000171447
0.000171447
0.000171447
0.000171447
0.000171447
0.000171447
0.000171447
0.000171447
0.000171447
0.000171447
0.000171447
0.000171447
0.000171447
0.000171447
0.000171447
0.000171447
0.000171447
0.000171447
0.000171447
0.000171447
0.000171447
0.000171447
0.000171447
0.000171447
0.000171447
0.000171447
0.000171447
0.000171447
0.000171447
