-5.01886e-06
-5.01886e-06
-5.01886e-06
-5.01886e-06
-5.01886e-06
-5.01886e-06
-5.01886e-06
-5.01886e-06
-5.01886e-06
-5.01886e-06
-5.01886e-06
-5.01886e-06
-5.01886e-06
-5.01886e-06
-5.01886e-06
-5.01886e-06
-5.01886e-06
-5.01886e-06
-5.01886e-06
-5.01886e-06
-5.01886e-06
-5.01886e-06
-5.01886e-06
-5.01886e-06
-5.01886e-06
-5.01886e-06
-5.01886e-06
-5.01886e-06
-5.01886e-06
-5.01886e-06
-5.01886e-06
-5.01886e-06
-5.01886e-06
-5.01886e-06
-5.01886e-06
-5.01886e-06
-5.01886e-06
-5.01886e-06
-5.01886e-06
-5.01886e-06
-5.01886e-06
-5.01886e-06
-5.01886e-06
-5.01886e-06
-5.01886e-06
-5.01886e-06
-5.01886e-06
-5.01886e-06
-5.01886e-06
-5.01886e-06
-5.01886e-06
-5.01886e-06
-5.01886e-06
-5.01886e-06
-5.01886e-06
-5.01886e-06
-5.01886e-06
