1.47006e-05
1.47006e-05
1.47006e-05
1.47006e-05
1.47006e-05
1.47006e-05
1.47006e-05
1.47006e-05
1.47006e-05
1.47006e-05
1.47006e-05
1.47006e-05
1.47006e-05
1.47006e-05
1.47006e-05
1.47006e-05
1.47006e-05
1.47006e-05
1.47006e-05
1.47006e-05
1.47006e-05
1.47006e-05
1.47006e-05
1.47006e-05
1.47006e-05
1.47006e-05
1.47006e-05
1.47006e-05
1.47006e-05
1.47006e-05
1.47006e-05
1.47006e-05
1.47006e-05
1.47006e-05
1.47006e-05
1.47006e-05
1.47006e-05
1.47006e-05
1.47006e-05
1.47006e-05
1.47006e-05
1.47006e-05
1.47006e-05
1.47006e-05
1.47006e-05
1.47006e-05
1.47006e-05
1.47006e-05
1.47006e-05
1.47006e-05
1.47006e-05
1.47006e-05
1.47006e-05
1.47006e-05
1.47006e-05
1.47006e-05
1.47006e-05
