-2.507e-06
-2.507e-06
-2.507e-06
-2.507e-06
-2.507e-06
-2.507e-06
-2.507e-06
-2.507e-06
-2.507e-06
-2.507e-06
-2.507e-06
-2.507e-06
-2.507e-06
-2.507e-06
-2.507e-06
-2.507e-06
-2.507e-06
-2.507e-06
-2.507e-06
-2.507e-06
-2.507e-06
-2.507e-06
-2.507e-06
-2.507e-06
-2.507e-06
-2.507e-06
-2.507e-06
-2.507e-06
-2.507e-06
-2.507e-06
-2.507e-06
-2.507e-06
-2.507e-06
-2.507e-06
-2.507e-06
-2.507e-06
-2.507e-06
-2.507e-06
-2.507e-06
-2.507e-06
-2.507e-06
-2.507e-06
-2.507e-06
-2.507e-06
-2.507e-06
-2.507e-06
-2.507e-06
-2.507e-06
-2.507e-06
-2.507e-06
-2.507e-06
-2.507e-06
-2.507e-06
-2.507e-06
-2.507e-06
-2.507e-06
-2.507e-06
