0.000108184
0.000108184
0.000108184
0.000108184
0.000108184
0.000108184
0.000108184
0.000108184
0.000108184
0.000108184
0.000108184
0.000108184
0.000108184
0.000108184
0.000108184
0.000108184
0.000108184
0.000108184
0.000108184
0.000108184
0.000108184
0.000108184
0.000108184
0.000108184
0.000108184
0.000108184
0.000108184
0.000108184
0.000108184
0.000108184
0.000108184
0.000108184
0.000108184
0.000108184
0.000108184
0.000108184
0.000108184
0.000108184
0.000108184
0.000108184
0.000108184
0.000108184
0.000108184
0.000108184
0.000108184
0.000108184
0.000108184
0.000108184
0.000108184
0.000108184
0.000108184
0.000108184
0.000108184
0.000108184
0.000108184
0.000108184
0.000108184
