1.62404e-05
1.62404e-05
1.62404e-05
1.62404e-05
1.62404e-05
1.62404e-05
1.62404e-05
1.62404e-05
1.62404e-05
1.62404e-05
1.62404e-05
1.62404e-05
1.62404e-05
1.62404e-05
1.62404e-05
1.62404e-05
1.62404e-05
1.62404e-05
1.62404e-05
1.62404e-05
1.62404e-05
1.62404e-05
1.62404e-05
1.62404e-05
1.62404e-05
1.62404e-05
1.62404e-05
1.62404e-05
1.62404e-05
1.62404e-05
1.62404e-05
1.62404e-05
1.62404e-05
1.62404e-05
1.62404e-05
1.62404e-05
1.62404e-05
1.62404e-05
1.62404e-05
1.62404e-05
1.62404e-05
1.62404e-05
1.62404e-05
1.62404e-05
1.62404e-05
1.62404e-05
1.62404e-05
1.62404e-05
1.62404e-05
1.62404e-05
1.62404e-05
1.62404e-05
1.62404e-05
1.62404e-05
1.62404e-05
1.62404e-05
1.62404e-05
