0.000107364
0.000107364
0.000107364
0.000107364
0.000107364
0.000107364
0.000107364
0.000107364
0.000107364
0.000107364
0.000107364
0.000107364
0.000107364
0.000107364
0.000107364
0.000107364
0.000107364
0.000107364
0.000107364
0.000107364
0.000107364
0.000107364
0.000107364
0.000107364
0.000107364
0.000107364
0.000107364
0.000107364
0.000107364
0.000107364
0.000107364
0.000107364
0.000107364
0.000107364
0.000107364
0.000107364
0.000107364
0.000107364
0.000107364
0.000107364
0.000107364
0.000107364
0.000107364
0.000107364
0.000107364
0.000107364
0.000107364
0.000107364
0.000107364
0.000107364
0.000107364
0.000107364
0.000107364
0.000107364
0.000107364
0.000107364
0.000107364
