5.09947e-05
5.09947e-05
5.09947e-05
5.09947e-05
5.09947e-05
5.09947e-05
5.09947e-05
5.09947e-05
5.09947e-05
5.09947e-05
5.09947e-05
5.09947e-05
5.09947e-05
5.09947e-05
5.09947e-05
5.09947e-05
5.09947e-05
5.09947e-05
5.09947e-05
5.09947e-05
5.09947e-05
5.09947e-05
5.09947e-05
5.09947e-05
5.09947e-05
5.09947e-05
5.09947e-05
5.09947e-05
5.09947e-05
5.09947e-05
5.09947e-05
5.09947e-05
5.09947e-05
5.09947e-05
5.09947e-05
5.09947e-05
5.09947e-05
5.09947e-05
5.09947e-05
5.09947e-05
5.09947e-05
5.09947e-05
5.09947e-05
5.09947e-05
5.09947e-05
5.09947e-05
5.09947e-05
5.09947e-05
5.09947e-05
5.09947e-05
5.09947e-05
5.09947e-05
5.09947e-05
5.09947e-05
5.09947e-05
5.09947e-05
5.09947e-05
