9.54132e-05
9.54132e-05
9.54132e-05
9.54132e-05
9.54132e-05
9.54132e-05
9.54132e-05
9.54132e-05
9.54132e-05
9.54132e-05
9.54132e-05
9.54132e-05
9.54132e-05
9.54132e-05
9.54132e-05
9.54132e-05
9.54132e-05
9.54132e-05
9.54132e-05
9.54132e-05
9.54132e-05
9.54132e-05
9.54132e-05
9.54132e-05
9.54132e-05
9.54132e-05
9.54132e-05
9.54132e-05
9.54132e-05
9.54132e-05
9.54132e-05
9.54132e-05
9.54132e-05
9.54132e-05
9.54132e-05
9.54132e-05
9.54132e-05
9.54132e-05
9.54132e-05
9.54132e-05
9.54132e-05
9.54132e-05
9.54132e-05
9.54132e-05
9.54132e-05
9.54132e-05
9.54132e-05
9.54132e-05
9.54132e-05
9.54132e-05
9.54132e-05
9.54132e-05
9.54132e-05
9.54132e-05
9.54132e-05
9.54132e-05
9.54132e-05
