3.65832e-05
3.65832e-05
3.65832e-05
3.65832e-05
3.65832e-05
3.65832e-05
3.65832e-05
3.65832e-05
3.65832e-05
3.65832e-05
3.65832e-05
3.65832e-05
3.65832e-05
3.65832e-05
3.65832e-05
3.65832e-05
3.65832e-05
3.65832e-05
3.65832e-05
3.65832e-05
3.65832e-05
3.65832e-05
3.65832e-05
3.65832e-05
3.65832e-05
3.65832e-05
3.65832e-05
3.65832e-05
3.65832e-05
3.65832e-05
3.65832e-05
3.65832e-05
3.65832e-05
3.65832e-05
3.65832e-05
3.65832e-05
3.65832e-05
3.65832e-05
3.65832e-05
3.65832e-05
3.65832e-05
3.65832e-05
3.65832e-05
3.65832e-05
3.65832e-05
3.65832e-05
3.65832e-05
3.65832e-05
3.65832e-05
3.65832e-05
3.65832e-05
3.65832e-05
3.65832e-05
3.65832e-05
3.65832e-05
3.65832e-05
3.65832e-05
