1.11659e-05
1.11659e-05
1.11659e-05
1.11659e-05
1.11659e-05
1.11659e-05
1.11659e-05
1.11659e-05
1.11659e-05
1.11659e-05
1.11659e-05
1.11659e-05
1.11659e-05
1.11659e-05
1.11659e-05
1.11659e-05
1.11659e-05
1.11659e-05
1.11659e-05
1.11659e-05
1.11659e-05
1.11659e-05
1.11659e-05
1.11659e-05
1.11659e-05
1.11659e-05
1.11659e-05
1.11659e-05
1.11659e-05
1.11659e-05
1.11659e-05
1.11659e-05
1.11659e-05
1.11659e-05
1.11659e-05
1.11659e-05
1.11659e-05
1.11659e-05
1.11659e-05
1.11659e-05
1.11659e-05
1.11659e-05
1.11659e-05
1.11659e-05
1.11659e-05
1.11659e-05
1.11659e-05
1.11659e-05
1.11659e-05
1.11659e-05
1.11659e-05
1.11659e-05
1.11659e-05
1.11659e-05
1.11659e-05
1.11659e-05
1.11659e-05
