2.29156e-05
2.29156e-05
2.29156e-05
2.29156e-05
2.29156e-05
2.29156e-05
2.29156e-05
2.29156e-05
2.29156e-05
2.29156e-05
2.29156e-05
2.29156e-05
2.29156e-05
2.29156e-05
2.29156e-05
2.29156e-05
2.29156e-05
2.29156e-05
2.29156e-05
2.29156e-05
2.29156e-05
2.29156e-05
2.29156e-05
2.29156e-05
2.29156e-05
2.29156e-05
2.29156e-05
2.29156e-05
2.29156e-05
2.29156e-05
2.29156e-05
2.29156e-05
2.29156e-05
2.29156e-05
2.29156e-05
2.29156e-05
2.29156e-05
2.29156e-05
2.29156e-05
2.29156e-05
2.29156e-05
2.29156e-05
2.29156e-05
2.29156e-05
2.29156e-05
2.29156e-05
2.29156e-05
2.29156e-05
2.29156e-05
2.29156e-05
2.29156e-05
2.29156e-05
2.29156e-05
2.29156e-05
2.29156e-05
2.29156e-05
2.29156e-05
