0.000162252
0.000162252
0.000162252
0.000162252
0.000162252
0.000162252
0.000162252
0.000162252
0.000162252
0.000162252
0.000162252
0.000162252
0.000162252
0.000162252
0.000162252
0.000162252
0.000162252
0.000162252
0.000162252
0.000162252
0.000162252
0.000162252
0.000162252
0.000162252
0.000162252
0.000162252
0.000162252
0.000162252
0.000162252
0.000162252
0.000162252
0.000162252
0.000162252
0.000162252
0.000162252
0.000162252
0.000162252
0.000162252
0.000162252
0.000162252
0.000162252
0.000162252
0.000162252
0.000162252
0.000162252
0.000162252
0.000162252
0.000162252
0.000162252
0.000162252
0.000162252
0.000162252
0.000162252
0.000162252
0.000162252
0.000162252
0.000162252
