-0.0725551
-0.0725551
-0.0725551
-0.0725551
-0.0725551
-0.0725551
-0.0725551
-0.0725551
-0.0725551
-0.0725551
-0.0725551
-0.0725551
-0.0725551
-0.0725551
-0.0725551
-0.0725551
-0.0725551
-0.0725551
-0.0725551
-0.0725551
-0.0725551
-0.0725551
-0.0725551
-0.0725551
-0.0725551
-0.0725551
-0.0725551
-0.0725551
-0.0725551
-0.0725551
-0.0725551
-0.0725551
-0.0725551
-0.0725551
-0.0725551
-0.0725551
-0.0725551
-0.0725551
-0.0725551
-0.0725551
-0.0725551
-0.0725551
-0.0725551
-0.0725551
-0.0725551
-0.0725551
-0.0725551
-0.0725551
-0.0725551
-0.0725551
-0.0725551
-0.0725551
-0.0725551
-0.0725551
-0.0725551
-0.0725551
-0.0725551
