-1.16372e-05
-1.16372e-05
-1.16372e-05
-1.16372e-05
-1.16372e-05
-1.16372e-05
-1.16372e-05
-1.16372e-05
-1.16372e-05
-1.16372e-05
-1.16372e-05
-1.16372e-05
-1.16372e-05
-1.16372e-05
-1.16372e-05
-1.16372e-05
-1.16372e-05
-1.16372e-05
-1.16372e-05
-1.16372e-05
-1.16372e-05
-1.16372e-05
-1.16372e-05
-1.16372e-05
-1.16372e-05
-1.16372e-05
-1.16372e-05
-1.16372e-05
-1.16372e-05
-1.16372e-05
-1.16372e-05
-1.16372e-05
-1.16372e-05
-1.16372e-05
-1.16372e-05
-1.16372e-05
-1.16372e-05
-1.16372e-05
-1.16372e-05
-1.16372e-05
-1.16372e-05
-1.16372e-05
-1.16372e-05
-1.16372e-05
-1.16372e-05
-1.16372e-05
-1.16372e-05
-1.16372e-05
-1.16372e-05
-1.16372e-05
-1.16372e-05
-1.16372e-05
-1.16372e-05
-1.16372e-05
-1.16372e-05
-1.16372e-05
-1.16372e-05
