6.16523e-06
6.16523e-06
6.16523e-06
6.16523e-06
6.16523e-06
6.16523e-06
6.16523e-06
6.16523e-06
6.16523e-06
6.16523e-06
6.16523e-06
6.16523e-06
6.16523e-06
6.16523e-06
6.16523e-06
6.16523e-06
6.16523e-06
6.16523e-06
6.16523e-06
6.16523e-06
6.16523e-06
6.16523e-06
6.16523e-06
6.16523e-06
6.16523e-06
6.16523e-06
6.16523e-06
6.16523e-06
6.16523e-06
6.16523e-06
6.16523e-06
6.16523e-06
6.16523e-06
6.16523e-06
6.16523e-06
6.16523e-06
6.16523e-06
6.16523e-06
6.16523e-06
6.16523e-06
6.16523e-06
6.16523e-06
6.16523e-06
6.16523e-06
6.16523e-06
6.16523e-06
6.16523e-06
6.16523e-06
6.16523e-06
6.16523e-06
6.16523e-06
6.16523e-06
6.16523e-06
6.16523e-06
6.16523e-06
6.16523e-06
6.16523e-06
