5.85949e-06
5.85949e-06
5.85949e-06
5.85949e-06
5.85949e-06
5.85949e-06
5.85949e-06
5.85949e-06
5.85949e-06
5.85949e-06
5.85949e-06
5.85949e-06
5.85949e-06
5.85949e-06
5.85949e-06
5.85949e-06
5.85949e-06
5.85949e-06
5.85949e-06
5.85949e-06
5.85949e-06
5.85949e-06
5.85949e-06
5.85949e-06
5.85949e-06
5.85949e-06
5.85949e-06
5.85949e-06
5.85949e-06
5.85949e-06
5.85949e-06
5.85949e-06
5.85949e-06
5.85949e-06
5.85949e-06
5.85949e-06
5.85949e-06
5.85949e-06
5.85949e-06
5.85949e-06
5.85949e-06
5.85949e-06
5.85949e-06
5.85949e-06
5.85949e-06
5.85949e-06
5.85949e-06
5.85949e-06
5.85949e-06
5.85949e-06
5.85949e-06
5.85949e-06
5.85949e-06
5.85949e-06
5.85949e-06
5.85949e-06
5.85949e-06
