0.000445483
0.000445483
0.000445483
0.000445483
0.000445483
0.000445483
0.000445483
0.000445483
0.000445483
0.000445483
0.000445483
0.000445483
0.000445483
0.000445483
0.000445483
0.000445483
0.000445483
0.000445483
0.000445483
0.000445483
0.000445483
0.000445483
0.000445483
0.000445483
0.000445483
0.000445483
0.000445483
0.000445483
0.000445483
0.000445483
0.000445483
0.000445483
0.000445483
0.000445483
0.000445483
0.000445483
0.000445483
0.000445483
0.000445483
0.000445483
0.000445483
0.000445483
0.000445483
0.000445483
0.000445483
0.000445483
0.000445483
0.000445483
0.000445483
0.000445483
0.000445483
0.000445483
0.000445483
0.000445483
0.000445483
0.000445483
0.000445483
