2.83868e-05
2.83868e-05
2.83868e-05
2.83868e-05
2.83868e-05
2.83868e-05
2.83868e-05
2.83868e-05
2.83868e-05
2.83868e-05
2.83868e-05
2.83868e-05
2.83868e-05
2.83868e-05
2.83868e-05
2.83868e-05
2.83868e-05
2.83868e-05
2.83868e-05
2.83868e-05
2.83868e-05
2.83868e-05
2.83868e-05
2.83868e-05
2.83868e-05
2.83868e-05
2.83868e-05
2.83868e-05
2.83868e-05
2.83868e-05
2.83868e-05
2.83868e-05
2.83868e-05
2.83868e-05
2.83868e-05
2.83868e-05
2.83868e-05
2.83868e-05
2.83868e-05
2.83868e-05
2.83868e-05
2.83868e-05
2.83868e-05
2.83868e-05
2.83868e-05
2.83868e-05
2.83868e-05
2.83868e-05
2.83868e-05
2.83868e-05
2.83868e-05
2.83868e-05
2.83868e-05
2.83868e-05
2.83868e-05
2.83868e-05
2.83868e-05
