0.000138457
0.000138457
0.000138457
0.000138457
0.000138457
0.000138457
0.000138457
0.000138457
0.000138457
0.000138457
0.000138457
0.000138457
0.000138457
0.000138457
0.000138457
0.000138457
0.000138457
0.000138457
0.000138457
0.000138457
0.000138457
0.000138457
0.000138457
0.000138457
0.000138457
0.000138457
0.000138457
0.000138457
0.000138457
0.000138457
0.000138457
0.000138457
0.000138457
0.000138457
0.000138457
0.000138457
0.000138457
0.000138457
0.000138457
0.000138457
0.000138457
0.000138457
0.000138457
0.000138457
0.000138457
0.000138457
0.000138457
0.000138457
0.000138457
0.000138457
0.000138457
0.000138457
0.000138457
0.000138457
0.000138457
0.000138457
0.000138457
