1.3252e-05
1.3252e-05
1.3252e-05
1.3252e-05
1.3252e-05
1.3252e-05
1.3252e-05
1.3252e-05
1.3252e-05
1.3252e-05
1.3252e-05
1.3252e-05
1.3252e-05
1.3252e-05
1.3252e-05
1.3252e-05
1.3252e-05
1.3252e-05
1.3252e-05
1.3252e-05
1.3252e-05
1.3252e-05
1.3252e-05
1.3252e-05
1.3252e-05
1.3252e-05
1.3252e-05
1.3252e-05
1.3252e-05
1.3252e-05
1.3252e-05
1.3252e-05
1.3252e-05
1.3252e-05
1.3252e-05
1.3252e-05
1.3252e-05
1.3252e-05
1.3252e-05
1.3252e-05
1.3252e-05
1.3252e-05
1.3252e-05
1.3252e-05
1.3252e-05
1.3252e-05
1.3252e-05
1.3252e-05
1.3252e-05
1.3252e-05
1.3252e-05
1.3252e-05
1.3252e-05
1.3252e-05
1.3252e-05
1.3252e-05
1.3252e-05
