1.64326e-05
1.64326e-05
1.64326e-05
1.64326e-05
1.64326e-05
1.64326e-05
1.64326e-05
1.64326e-05
1.64326e-05
1.64326e-05
1.64326e-05
1.64326e-05
1.64326e-05
1.64326e-05
1.64326e-05
1.64326e-05
1.64326e-05
1.64326e-05
1.64326e-05
1.64326e-05
1.64326e-05
1.64326e-05
1.64326e-05
1.64326e-05
1.64326e-05
1.64326e-05
1.64326e-05
1.64326e-05
1.64326e-05
1.64326e-05
1.64326e-05
1.64326e-05
1.64326e-05
1.64326e-05
1.64326e-05
1.64326e-05
1.64326e-05
1.64326e-05
1.64326e-05
1.64326e-05
1.64326e-05
1.64326e-05
1.64326e-05
1.64326e-05
1.64326e-05
1.64326e-05
1.64326e-05
1.64326e-05
1.64326e-05
1.64326e-05
1.64326e-05
1.64326e-05
1.64326e-05
1.64326e-05
1.64326e-05
1.64326e-05
1.64326e-05
