2.857e-06
2.857e-06
2.857e-06
2.857e-06
2.857e-06
2.857e-06
2.857e-06
2.857e-06
2.857e-06
2.857e-06
2.857e-06
2.857e-06
2.857e-06
2.857e-06
2.857e-06
2.857e-06
2.857e-06
2.857e-06
2.857e-06
2.857e-06
2.857e-06
2.857e-06
2.857e-06
2.857e-06
2.857e-06
2.857e-06
2.857e-06
2.857e-06
2.857e-06
2.857e-06
2.857e-06
2.857e-06
2.857e-06
2.857e-06
2.857e-06
2.857e-06
2.857e-06
2.857e-06
2.857e-06
2.857e-06
2.857e-06
2.857e-06
2.857e-06
2.857e-06
2.857e-06
2.857e-06
2.857e-06
2.857e-06
2.857e-06
2.857e-06
2.857e-06
2.857e-06
2.857e-06
2.857e-06
2.857e-06
2.857e-06
2.857e-06
