4.3194e-05
4.3194e-05
4.3194e-05
4.3194e-05
4.3194e-05
4.3194e-05
4.3194e-05
4.3194e-05
4.3194e-05
4.3194e-05
4.3194e-05
4.3194e-05
4.3194e-05
4.3194e-05
4.3194e-05
4.3194e-05
4.3194e-05
4.3194e-05
4.3194e-05
4.3194e-05
4.3194e-05
4.3194e-05
4.3194e-05
4.3194e-05
4.3194e-05
4.3194e-05
4.3194e-05
4.3194e-05
4.3194e-05
4.3194e-05
4.3194e-05
4.3194e-05
4.3194e-05
4.3194e-05
4.3194e-05
4.3194e-05
4.3194e-05
4.3194e-05
4.3194e-05
4.3194e-05
4.3194e-05
4.3194e-05
4.3194e-05
4.3194e-05
4.3194e-05
4.3194e-05
4.3194e-05
4.3194e-05
4.3194e-05
4.3194e-05
4.3194e-05
4.3194e-05
4.3194e-05
4.3194e-05
4.3194e-05
4.3194e-05
4.3194e-05
