1.01215e-05
1.01215e-05
1.01215e-05
1.01215e-05
1.01215e-05
1.01215e-05
1.01215e-05
1.01215e-05
1.01215e-05
1.01215e-05
1.01215e-05
1.01215e-05
1.01215e-05
1.01215e-05
1.01215e-05
1.01215e-05
1.01215e-05
1.01215e-05
1.01215e-05
1.01215e-05
1.01215e-05
1.01215e-05
1.01215e-05
1.01215e-05
1.01215e-05
1.01215e-05
1.01215e-05
1.01215e-05
1.01215e-05
1.01215e-05
1.01215e-05
1.01215e-05
1.01215e-05
1.01215e-05
1.01215e-05
1.01215e-05
1.01215e-05
1.01215e-05
1.01215e-05
1.01215e-05
1.01215e-05
1.01215e-05
1.01215e-05
1.01215e-05
1.01215e-05
1.01215e-05
1.01215e-05
1.01215e-05
1.01215e-05
1.01215e-05
1.01215e-05
1.01215e-05
1.01215e-05
1.01215e-05
1.01215e-05
1.01215e-05
1.01215e-05
