9.82931e-05
9.82931e-05
9.82931e-05
9.82931e-05
9.82931e-05
9.82931e-05
9.82931e-05
9.82931e-05
9.82931e-05
9.82931e-05
9.82931e-05
9.82931e-05
9.82931e-05
9.82931e-05
9.82931e-05
9.82931e-05
9.82931e-05
9.82931e-05
9.82931e-05
9.82931e-05
9.82931e-05
9.82931e-05
9.82931e-05
9.82931e-05
9.82931e-05
9.82931e-05
9.82931e-05
9.82931e-05
9.82931e-05
9.82931e-05
9.82931e-05
9.82931e-05
9.82931e-05
9.82931e-05
9.82931e-05
9.82931e-05
9.82931e-05
9.82931e-05
9.82931e-05
9.82931e-05
9.82931e-05
9.82931e-05
9.82931e-05
9.82931e-05
9.82931e-05
9.82931e-05
9.82931e-05
9.82931e-05
9.82931e-05
9.82931e-05
9.82931e-05
9.82931e-05
9.82931e-05
9.82931e-05
9.82931e-05
9.82931e-05
9.82931e-05
