0.000165491
0.000165491
0.000165491
0.000165491
0.000165491
0.000165491
0.000165491
0.000165491
0.000165491
0.000165491
0.000165491
0.000165491
0.000165491
0.000165491
0.000165491
0.000165491
0.000165491
0.000165491
0.000165491
0.000165491
0.000165491
0.000165491
0.000165491
0.000165491
0.000165491
0.000165491
0.000165491
0.000165491
0.000165491
0.000165491
0.000165491
0.000165491
0.000165491
0.000165491
0.000165491
0.000165491
0.000165491
0.000165491
0.000165491
0.000165491
0.000165491
0.000165491
0.000165491
0.000165491
0.000165491
0.000165491
0.000165491
0.000165491
0.000165491
0.000165491
0.000165491
0.000165491
0.000165491
0.000165491
0.000165491
0.000165491
0.000165491
