0.000000000000000e+00      _BEG_ 5.251604272976662e-22 -2.219226321806267e-22 8.944667923005412e-22 8.893845946170153e-23
1.023319085100000e+00    MXQ1S01 -1.450284537814142e-11 -1.279840077234690e-11 1.253290242929703e-07 3.854406558703988e-07
4.385342385099980e+00         D0 -5.753136697760259e-11 -1.279840077234690e-11 1.421189490096525e-06 3.854406558703988e-07
4.385342385099980e+00    IPM1S00 -5.753136697760259e-11 -1.279840077234690e-11 1.421189490096525e-06 3.854406558703988e-07
4.846262755100013e+00         D1 -6.343041059680764e-11 -1.279840077234690e-11 1.598846939813364e-06 3.854406558703988e-07
5.854516279700013e+00    MXJ1S03 -5.984801200939607e-11 2.164373949399923e-11 1.832951824856767e-06 -5.105170416914407e-08
6.419949889699970e+00         D2 -4.760991425352325e-11 2.164373949399923e-11 1.804085475471757e-06 -5.105170416914407e-08
6.419949889699970e+00    IPM1S01 -4.760991425352325e-11 2.164373949399923e-11 1.804085475471757e-06 -5.105170416914407e-08
6.718399889700007e+00         D3 -4.115034020145788e-11 2.164373949399923e-11 1.788849094362475e-06 -5.105170416914407e-08
6.868399889700007e+00    MQB1S01 -3.833870041494567e-11 1.591318228950982e-11 1.761256351390594e-06 -3.161717476536176e-07
7.059153889699977e+00         D4 -3.530319724039468e-11 1.591318228950982e-11 1.700945325838685e-06 -3.161717476536176e-07
7.059153889699977e+00   MBT1S01H -3.530319724039468e-11 1.591318228950982e-11 1.700945325838685e-06 -3.161717476536176e-07
7.254987889699968e+00         D5 -3.218685509999875e-11 1.591318228950982e-11 1.639028147808689e-06 -3.161717476536176e-07
7.254987889699968e+00   MBT1S01V -3.218685509999875e-11 1.591318228950982e-11 1.639028147808689e-06 5.115827725757373e-06
7.748509889700009e+00         D6 -2.433334955019161e-11 1.591318228950982e-11 4.163801678680129e-06 5.115827725757373e-06
7.748509889700009e+00    ITV1S01 -2.433334955019161e-11 1.591318228950982e-11 4.163801678680129e-06 5.115827725757373e-06
1.262364978969998e+01         D7 5.324564036546437e-11 1.591318228950982e-11 2.910417754604600e-05 5.115827725757373e-06
1.262364978969998e+01    IPM1S02 5.324564036546437e-11 1.591318228950982e-11 2.910417754604600e-05 5.115827725757373e-06
1.292209978970001e+01         D8 5.799492962008470e-11 1.591318228950982e-11 3.063099633079848e-05 5.115827725757373e-06
1.307209978970002e+01    MQL1S02 5.901682147816420e-11 -2.340181288002983e-12 3.213382412608937e-05 1.500231616997039e-05
1.326285378969999e+01         D9 5.857042253686072e-11 -2.340181288002983e-12 3.499557594477546e-05 1.500231616997039e-05
1.326285378969999e+01   MBT1S02H 5.857042253686072e-11 -2.340181288002983e-12 3.499557594477546e-05 1.500231616997039e-05
1.345868778969998e+01        D10 5.811213547434607e-11 -2.340181288002983e-12 3.793353952960531e-05 1.500231616997039e-05
1.345868778969998e+01   MBT1S02V 5.811213547434607e-11 -2.340181288002983e-12 3.793353952960531e-05 -1.225337832935953e-05
1.442995085970000e+01        D11 5.583920381197719e-11 -2.340181288002983e-12 2.603228567555985e-05 -1.225337832935953e-05
1.442995085970000e+01    IPM1S03 5.583920381197719e-11 -2.340181288002983e-12 2.603228567555985e-05 -1.225337832935953e-05
1.465340085969996e+01        D12 5.531629030321888e-11 -2.340181288002983e-12 2.329426828786486e-05 -1.225337832935953e-05
1.495340085969996e+01    MQN1S03 5.922021999291062e-11 2.874352675303173e-11 1.779370293939066e-05 -2.392806951465606e-05
1.554713232970007e+01        D13 7.628615638496862e-11 2.874352675303173e-11 3.586855052189195e-06 -2.392806951465606e-05
1.656048286930007e+01    MXI1S05 1.050649858343948e-10 2.087315738541441e-11 -2.005446717964793e-05 -2.336330366104822e-05
1.693822970930008e+01        D14 1.129497550772252e-10 2.087315738541441e-11 -2.887988130956961e-05 -2.336330366104822e-05
1.795158024890008e+01    MXI1S06 1.210225839317350e-10 2.783893135975168e-13 -5.191739566772280e-05 -2.299079845783149e-05
1.860505024890006e+01        D15 1.212045029965218e-10 2.783893135975168e-13 -6.694119273596153e-05 -2.299079845783149e-05
1.890505024890006e+01    MQN1S04 1.275795000568622e-10 4.259841355361087e-11 -7.041102713498266e-05 4.516577789605835e-08
1.979975024890006e+01        D16 1.656923006633526e-10 4.259841355361087e-11 -7.037061731349904e-05 4.516577789605835e-08
1.979975024890006e+01    ITV1S04 1.656923006633526e-10 4.259841355361087e-11 -7.037061731349904e-05 4.516577789605835e-08
2.038040024890011e+01        D17 1.904270694927629e-10 4.259841355361087e-11 -7.034439180456370e-05 4.516577789605835e-08
2.038040024890011e+01    IPM1S05 1.904270694927629e-10 4.259841355361087e-11 -7.034439180456370e-05 4.516577789605835e-08
2.068005024890008e+01        D18 2.031916841146509e-10 4.259841355361087e-11 -7.033085787921715e-05 4.516577789605835e-08
2.083005024890008e+01    MQL1S05 2.193682419099254e-10 1.748534742278436e-10 -6.712203890425951e-05 4.242093290750121e-05
2.109880024890009e+01        D19 2.663601131094851e-10 1.748534742278436e-10 -5.572141318536809e-05 4.242093290750121e-05
2.109880024890009e+01   MBT1S05H 2.663601131094851e-10 1.748534742278436e-10 -5.572141318536809e-05 4.242093290750121e-05
2.129489024890011e+01        D20 3.006471308704905e-10 1.748534742278436e-10 -4.740309245153503e-05 4.242093290750121e-05
2.129489024890011e+01   MBT1S05V 3.006471308704905e-10 1.748534742278436e-10 -4.740309245153503e-05 4.242093290750121e-05
2.268005024890007e+01        D21 5.428471692317613e-10 1.748534742278436e-10 1.135668697461765e-05 4.242093290750121e-05
2.283005024890007e+01    MQB1S06 5.804246728455254e-10 3.279483670743776e-10 1.745234460177871e-05 3.858844367123342e-05
2.638040024890011e+01        D22 1.744756157887311e-09 3.279483670743776e-10 1.544548255899438e-04 3.858844367123342e-05
2.638040024890011e+01    IPM1S07 1.744756157887311e-09 3.279483670743776e-10 1.544548255899438e-04 3.858844367123342e-05
2.668005024889996e+01        D23 1.843025886085446e-09 3.279483670743776e-10 1.660178527360231e-04 3.858844367123342e-05
2.683005024889996e+01    MQL1S07 1.903745735626176e-09 4.825416388616914e-10 1.707996062569965e-04 2.510476834607468e-05
2.729429024889998e+01        D24 2.127760866050058e-09 4.825416388616914e-10 1.824542439139787e-04 2.510476834607468e-05
2.729429024889998e+01   MBT1S07V 2.127760866050058e-09 4.825416388616914e-10 1.824542439139787e-04 2.510476834607468e-05
3.185811274890011e+01        D25 4.329995254672911e-09 4.825416388616914e-10 2.970279505490854e-04 2.510476834607468e-05
3.185811274890011e+01   MAZ1S08H 4.329995254672911e-09 4.825416388616914e-10 2.970279505490854e-04 2.510476834607468e-05
3.238040024890012e+01        D26 4.582020720884580e-09 4.825416388616914e-10 3.101398572466359e-04 2.510476834607468e-05
3.238040024890012e+01    IPM1S08 4.582020720884580e-09 4.825416388616914e-10 3.101398572466359e-04 2.510476834607468e-05
3.268005024889997e+01        D27 4.726614322971001e-09 4.825416388616914e-10 3.176625010815334e-04 2.510476834607468e-05
3.283005024889997e+01    MQL1S08 4.761504365161442e-09 -1.762465209827584e-11 3.238741495615712e-04 5.782346999616879e-05
3.309880024889998e+01        D28 4.756767739906229e-09 -1.762465209827584e-11 3.394142071230423e-04 5.782346999616879e-05
3.309880024889998e+01   MBT1S08H 4.756767739906229e-09 -1.762465209827584e-11 3.394142071230423e-04 5.782346999616879e-05
3.329489024890012e+01        D29 4.753311721878047e-09 -1.762465209827584e-11 3.507528113545991e-04 5.782346999616879e-05
3.329489024890012e+01   MBT1S08V 4.753311721878047e-09 -1.762465209827584e-11 3.507528113545991e-04 5.782346999616879e-05
3.795919204889998e+01        D30 4.671105025376779e-09 -1.762465209827584e-11 6.204589265399670e-04 5.782346999616879e-05
3.795919204889998e+01   MAZ1S09V 4.671105025376779e-09 -1.762465209827584e-11 6.204589265399670e-04 5.782346999616879e-05
3.838040024890012e+01        D31 4.663681377383572e-09 -1.762465209827584e-11 6.448146462548152e-04 5.782346999616879e-05
3.838040024890012e+01    IPM1S09 4.663681377383572e-09 -1.762465209827584e-11 6.448146462548152e-04 5.782346999616879e-05
3.868005024889997e+01        D32 4.658400150396591e-09 -1.762465209827584e-11 6.621414490391585e-04 5.782346999616879e-05
3.883005024889997e+01    MQL1S09 4.687866110934455e-09 4.111719938155317e-10 6.663759823194427e-04 -1.425639665779202e-06
3.929429024889998e+01        D33 4.878748597348000e-09 4.111719938155317e-10 6.657141433610013e-04 -1.425639665779202e-06
3.929429024889998e+01   MBT1S09V 4.878748597348000e-09 4.111719938155317e-10 6.657141433610013e-04 -1.425639665779202e-06
4.438040024890012e+01        D34 6.970014586799890e-09 4.111719938155317e-10 6.584631832004848e-04 -1.425639665779202e-06
4.438040024890012e+01    IPM1S10 6.970014586799890e-09 4.111719938155317e-10 6.584631832004848e-04 -1.425639665779202e-06
4.468005024889997e+01        D35 7.093222274737361e-09 4.111719938155317e-10 6.580359902746343e-04 -1.425639665779202e-06
4.483005024889997e+01    MQB1S10 7.120800614131631e-09 -4.353019484183612e-11 6.608843450017953e-04 3.943322671863212e-05
4.509880024889998e+01        D36 7.109101874261566e-09 -4.353019484183612e-11 6.714820246824281e-04 3.943322671863212e-05
4.509880024889998e+01   MBT1S10H 7.109101874261566e-09 -4.353019484183612e-11 6.714820246824281e-04 3.943322671863212e-05
4.529489024890012e+01        D37 7.100566038349341e-09 -4.353019484183612e-11 6.792144861096902e-04 3.943322671863212e-05
4.529489024890012e+01   MBT1S10V 7.100566038349341e-09 -4.353019484183612e-11 6.792144861096902e-04 3.943322671863212e-05
6.016205624890011e+01        D38 6.453395405618852e-09 -4.353019484183612e-11 1.265474813651229e-03 3.943322671863212e-05
6.016205624890011e+01   MAZ1E01H 6.453395405618852e-09 -4.353019484183612e-11 1.265474813651229e-03 3.943322671863212e-05
6.045415624890012e+01        D39 6.440680235719233e-09 -4.353019484183612e-11 1.276993259175742e-03 3.943322671863212e-05
6.045415624890012e+01   MAZ1E01V 6.440680235719233e-09 -4.353019484183612e-11 1.276993259175742e-03 3.943322671863212e-05
6.093046624890007e+01        D40 6.419946368593430e-09 -4.353019484183612e-11 1.295775699394092e-03 3.943322671863212e-05
6.093046624890007e+01    IPM1E01 6.419946368593430e-09 -4.353019484183612e-11 1.295775699394092e-03 3.943322671863212e-05
6.123005424890008e+01        D41 6.406905244582886e-09 -4.353019484183612e-11 1.307589420920274e-03 3.943322671863212e-05
6.138005424890008e+01    MQB1E01 6.433058404788951e-09 3.927484226412363e-10 1.307036577283877e-03 -4.679842273279232e-05
6.164880424890009e+01        D42 6.538609543371883e-09 3.927484226412363e-10 1.294459501174438e-03 -4.679842273279232e-05
6.164880424890009e+01   MBT1E01H 6.538609543371883e-09 3.927484226412363e-10 1.294459501174438e-03 -4.679842273279232e-05
6.184489424890012e+01        D43 6.615623581569807e-09 3.927484226412363e-10 1.285282798460764e-03 -4.679842273279232e-05
6.184489424890012e+01   MBT1E01V 6.615623581569807e-09 3.927484226412363e-10 1.285282798460764e-03 -4.679842273279232e-05
6.220869424890020e+01        D44 6.758505457739837e-09 3.927484226412363e-10 1.268257532270570e-03 -4.679842273279232e-05
6.220869424890020e+01    IHA1E01 6.758505457739837e-09 3.927484226412363e-10 1.268257532270570e-03 -4.679842273279232e-05
6.283065424890021e+01        D45 7.002779266675370e-09 3.927484226412363e-10 1.239150785267682e-03 -4.679842273279232e-05
6.333072272611611e+01    MBW1E01 -2.749952355104827e-08 2.113594652271311e-09 1.215774329682147e-03 -4.869403026211724e-05
6.908308572611598e+01        D46 -1.534135987633391e-08 2.113594652271311e-09 9.356685916814698e-04 -4.869403026211724e-05
7.008322268054798e+01    MBX1E02 8.150057370796827e-08 -2.859882008203149e-09 8.854882813565703e-04 -5.157291861329958e-05
7.583558568054798e+01        D47 6.504949425961866e-08 -2.859882008203149e-09 5.888221325234140e-04 -5.157291861329958e-05
7.633565415776388e+01    MBW1E03 1.211632309677801e-09 -8.713607454342290e-10 5.625607166264492e-04 -5.249256391638438e-05
7.748540525776389e+01        D48 2.097843340674588e-10 -8.713607454342290e-10 5.022073335217660e-04 -5.249256391638438e-05
7.748540525776389e+01    IPM1E02 2.097843340674588e-10 -8.713607454342290e-10 5.022073335217660e-04 -5.249256391638438e-05
7.778505525776390e+01        D49 -5.131891330813210e-11 -8.713607454342290e-10 4.864779367442204e-04 -5.249256391638438e-05
7.793505525776391e+01    MQB1E02 -1.836553636842819e-10 -8.918118372958908e-10 4.809541668941817e-04 -2.121746141822155e-05
7.820380525776392e+01        D50 -4.233297949546300e-10 -8.918118372958908e-10 4.752519741380344e-04 -2.121746141822155e-05
7.820380525776392e+01   MBT1E02H -4.233297949546300e-10 -8.918118372958908e-10 4.752519741380344e-04 -2.121746141822155e-05
7.839989525776400e+01        D51 -5.982051781115716e-10 -8.918118372958908e-10 4.710914421285336e-04 -2.121746141822155e-05
7.839989525776400e+01   MBT1E02V -5.982051781115716e-10 -8.918118372958908e-10 4.710914421285336e-04 -2.121746141822155e-05
9.403540125776399e+01        D52 -1.454213451102838e-08 -8.918118372958908e-10 1.393456968191620e-04 -2.121746141822155e-05
9.403540125776399e+01    IPM1E03 -1.454213451102838e-08 -8.918118372958908e-10 1.393456968191620e-04 -2.121746141822155e-05
9.433505125776384e+01        D53 -1.480936592807187e-08 -8.918118372958908e-10 1.329878845051951e-04 -2.121746141822155e-05
9.448505125776384e+01    MQB1E03 -1.501158215943838e-08 -1.806737034947142e-09 1.291902417318373e-04 -2.937851916062391e-05
9.475380125776385e+01        D54 -1.549714273757496e-08 -1.806737034947142e-09 1.212947647074193e-04 -2.937851916062391e-05
9.475380125776385e+01   MBT1E03H -1.549714273757496e-08 -1.806737034947142e-09 1.212947647074193e-04 -2.937851916062391e-05
9.494989125776394e+01        D55 -1.585142580276359e-08 -1.806737034947142e-09 1.155339308852101e-04 -2.937851916062391e-05
9.494989125776394e+01   MBT1E03V -1.585142580276359e-08 -1.806737034947142e-09 1.155339308852101e-04 -2.937851916062391e-05
9.565144125776399e+01        D56 -1.711894216962010e-08 -1.806737034947142e-09 9.492343076807280e-05 -2.937851916062391e-05
9.565144125776399e+01    IHA1E03 -1.711894216962010e-08 -1.806737034947142e-09 9.492343076807280e-05 -2.937851916062391e-05
1.105854012577640e+02        D57 -4.410068078004176e-08 -1.806737034947142e-09 -3.438141992359183e-04 -2.937851916062391e-05
1.105854012577640e+02    IPM1A01 -4.410068078004176e-08 -1.806737034947142e-09 -3.438141992359183e-04 -2.937851916062391e-05
1.108850512577639e+02        D58 -4.464206953256168e-08 -1.806737034947142e-09 -3.526174725023965e-04 -2.937851916062391e-05
1.110350512577639e+02    MQB1A01 -4.458343940068159e-08 2.587221996953990e-09 -3.596479822902816e-04 -6.447779301747597e-05
1.113038012577640e+02        D59 -4.388812348901736e-08 2.587221996953990e-09 -3.769763891637363e-04 -6.447779301747597e-05
1.113038012577640e+02   MBT1A01H -4.388812348901736e-08 2.587221996953990e-09 -3.769763891637363e-04 -6.447779301747597e-05
1.114998912577640e+02        D60 -4.338079512763602e-08 2.587221996953990e-09 -3.896198395965313e-04 -6.447779301747597e-05
1.114998912577640e+02   MBT1A01V -4.338079512763602e-08 2.587221996953990e-09 -3.896198395965313e-04 -6.447779301747597e-05
1.120053512577640e+02        D61 -4.207305789705878e-08 2.587221996953990e-09 -4.222107848551464e-04 -6.447779301747597e-05
1.120053512577640e+02    ITV1A01 -4.207305789705878e-08 2.587221996953990e-09 -4.222107848551464e-04 -6.447779301747597e-05
1.137199712577640e+02        D62 -3.763695531663241e-08 2.587221996953990e-09 -5.327656983187711e-04 -6.447779301747597e-05
1.138699712577640e+02    MQB1A02 -3.713215312769330e-08 4.139955714917913e-09 -5.441115766203623e-04 -8.687945775517684e-05
1.165523912577640e+02        D63 -2.602705311888719e-08 4.139955714917913e-09 -7.771587716920027e-04 -8.687945775517684e-05
1.175539994477640e+02    MJD1A01 -9.675768715550670e-08 -9.849541868029658e-08 -8.535920705110332e-04 -6.443180157258417e-05
1.211438414477640e+02        D64 -4.503406779416176e-07 -9.849541868029658e-08 -1.084892057931961e-03 -6.443180157258417e-05
1.211438414477640e+02    SBC1A02 -4.503406779416176e-07 -9.849541868029658e-08 -1.084892057931961e-03 -6.443180157258417e-05
1.217358414477640e+02        D65 -5.086499658003524e-07 -9.849541868029658e-08 -1.123035684462933e-03 -6.443180157258417e-05
1.217358414477640e+02    SSS1A02 -5.086499658003524e-07 -9.849541868029658e-08 -1.123035684462933e-03 -6.443180157258417e-05
1.227691914477640e+02        D66 -6.104302066936395e-07 -9.849541868029658e-08 -1.189616286617962e-03 -6.443180157258417e-05
1.227691914477640e+02    IPM1A03 -6.104302066936395e-07 -9.849541868029658e-08 -1.189616286617962e-03 -6.443180157258417e-05
1.230688414477639e+02        D67 -6.399443589011778e-07 -9.849541868029658e-08 -1.208923275959181e-03 -6.443180157258417e-05
1.232188414477639e+02    MQB1A03 -6.629634741439411e-07 -2.090859969422912e-07 -1.203438055299987e-03 1.374166320247523e-04
1.236830814477639e+02        D68 -7.600295573644174e-07 -2.090859969422912e-07 -1.139643758048822e-03 1.374166320247523e-04
1.236830814477639e+02   MBT1A03V -7.600295573644174e-07 -2.090859969422912e-07 -1.139643758048822e-03 1.374166320247523e-04
1.264260014477640e+02        D69 -1.333535720097408e-06 -2.090859969422912e-07 -7.627209297354690e-04 1.374166320247523e-04
1.264260014477640e+02    IPM1A04 -1.333535720097408e-06 -2.090859969422912e-07 -7.627209297354690e-04 1.374166320247523e-04
1.267256514477639e+02        D70 -1.396188339081153e-06 -2.090859969422912e-07 -7.215440359492649e-04 1.374166320247523e-04
1.268756514477639e+02    MQL1A04 -1.392366835725817e-06 2.598321660496148e-07 -7.186215953787690e-04 -9.828805024326637e-05
1.271444014477639e+02        D71 -1.322536941100002e-06 2.598321660496148e-07 -7.450365088816424e-04 -9.828805024326637e-05
1.271444014477639e+02   MBT1A04H -1.322536941100002e-06 2.598321660496148e-07 -7.450365088816424e-04 -9.828805024326637e-05
1.278459514477639e+02        D72 -1.140251685007901e-06 2.598321660496148e-07 -8.139904905298057e-04 -9.828805024326637e-05
1.278459514477639e+02    ITV1A04 -1.140251685007901e-06 2.598321660496148e-07 -8.139904905298057e-04 -9.828805024326637e-05
1.300828204477639e+02        D73 -5.590411675686687e-07 2.598321660496148e-07 -1.033847983189412e-03 -9.828805024326637e-05
1.300828204477639e+02    IPM1A05 -5.590411675686687e-07 2.598321660496148e-07 -1.033847983189412e-03 -9.828805024326637e-05
1.303824704477639e+02        D74 -4.811824590118920e-07 2.598321660496148e-07 -1.063299997444808e-03 -9.828805024326637e-05
1.305324704477639e+02    MQB1A05 -4.469112248681861e-07 1.978849265754868e-07 -1.067565300869564e-03 4.150987363935572e-05
1.309967104477639e+02        D75 -3.550451265547788e-07 1.978849265754868e-07 -1.048294757131229e-03 4.150987363935572e-05
1.309967104477639e+02   MBT1A05V -3.550451265547788e-07 1.978849265754868e-07 -1.048294757131229e-03 4.150987363935572e-05
1.360473102477639e+02        D76 6.443924440303756e-07 1.978849265754868e-07 -8.386449976302738e-04 4.150987363935572e-05
1.370489184377639e+02    MJD1A02 9.621585754678759e-07 7.014390971798317e-08 -7.854155900427452e-04 6.386540313393643e-05
1.422641104377639e+02        D77 1.327972532277821e-06 7.014390971798317e-08 -4.523452505418650e-04 6.386540313393643e-05
1.422641104377639e+02    IPM1A06 1.327972532277821e-06 7.014390971798317e-08 -4.523452505418650e-04 6.386540313393643e-05
1.425637604377639e+02        D78 1.348991154824829e-06 7.014390971798317e-08 -4.332079824927833e-04 6.386540313393643e-05
1.427137604377639e+02    MQB1A06 1.345930861052950e-06 -1.108790758191664e-07 -4.278984638766541e-04 7.045911593887937e-06
1.429825104377639e+02        D79 1.316132109426552e-06 -1.108790758191664e-07 -4.260048751357966e-04 7.045911593887937e-06
1.429825104377639e+02   MBT1A06H 1.316132109426552e-06 -1.108790758191664e-07 -4.260048751357966e-04 7.045911593887937e-06
1.482286114377639e+02        D80 7.344492788925496e-07 -1.108790758191664e-07 -3.890413112771894e-04 7.045911593887937e-06
1.492302196277639e+02    MJD1A03 4.700596176979372e-07 -2.398718276048448e-07 -3.765991037781959e-04 1.758507203162280e-05
1.544454116277639e+02        D81 -7.809180186522319e-07 -2.398718276048448e-07 -2.848895767994529e-04 1.758507203162280e-05
1.544454116277639e+02    IPM1A07 -7.809180186522319e-07 -2.398718276048448e-07 -2.848895767994529e-04 1.758507203162280e-05
1.547450616277639e+02        D82 -8.527956117940269e-07 -2.398718276048448e-07 -2.796202099651778e-04 1.758507203162280e-05
1.548950616277639e+02    MQB1A07 -8.979161052509649e-07 -3.628034066673284e-07 -2.740730040535877e-04 5.624963215417547e-05
1.553593016277639e+02        D83 -1.066343958762215e-06 -3.628034066673284e-07 -2.479596748223322e-04 5.624963215417547e-05
1.553593016277639e+02   MBT1A07V -1.066343958762215e-06 -3.628034066673284e-07 -2.479596748223322e-04 5.624963215417547e-05
1.581022196277639e+02        D84 -2.061483953371316e-06 -3.628034066673284e-07 -9.367154629326723e-05 5.624963215417547e-05
1.581022196277639e+02    IPM1A08 -2.061483953371316e-06 -3.628034066673284e-07 -9.367154629326723e-05 5.624963215417547e-05
1.584018696277638e+02        D85 -2.170197994179166e-06 -3.628034066673284e-07 -7.681634401827383e-05 5.624963215417547e-05
1.585518696277638e+02    MQB1A08 -2.183984077834940e-06 1.795489807976233e-07 -6.974687168882956e-05 3.830294821156118e-05
1.588206196277638e+02        D86 -2.135730289245580e-06 1.795489807976233e-07 -5.945295435697208e-05 3.830294821156118e-05
1.588206196277638e+02   MBT1A08H -2.135730289245580e-06 1.795489807976233e-07 -5.945295435697208e-05 3.830294821156118e-05
1.617590383277638e+02        D87 -1.608140206503906e-06 1.795489807976233e-07 5.309714493301314e-05 3.830294821156118e-05
1.617590383277638e+02    IPM1A09 -1.608140206503906e-06 1.795489807976233e-07 5.309714493301314e-05 3.830294821156118e-05
1.620586883277637e+02        D88 -1.554338354407912e-06 1.795489807976233e-07 6.457462336460384e-05 3.830294821156118e-05
1.622086883277638e+02    MQB1A09 -1.541234577848076e-06 -4.573182230380537e-09 6.973392171535316e-05 3.038705308954090e-05
1.626729283277638e+02        D89 -1.543357631966712e-06 -4.573182230380537e-09 8.384080724164217e-05 3.038705308954090e-05
1.626729283277638e+02   MBT1A09V -1.543357631966712e-06 -4.573182230380537e-09 8.384080724164217e-05 3.038705308954090e-05
1.677235443277638e+02        D90 -1.566455019310378e-06 -4.573182230380537e-09 2.373141437685287e-04 3.038705308954090e-05
1.687251525177638e+02    MJD1A04 -1.394093821454713e-06 -1.124840512880981e-07 2.645238426730205e-04 2.347911186092763e-05
1.711079245177638e+02        D91 -1.662117669310560e-06 -1.124840512880981e-07 3.204692130001051e-04 2.347911186092763e-05
1.711079245177638e+02    IPM1A10 -1.662117669310560e-06 -1.124840512880981e-07 3.204692130001051e-04 2.347911186092763e-05
1.739403445177638e+02        D92 -1.980719745860006e-06 -1.124840512880981e-07 3.869719190172354e-04 2.347911186092763e-05
1.739403445177638e+02    IPM1A11 -1.980719745860006e-06 -1.124840512880981e-07 3.869719190172354e-04 2.347911186092763e-05
1.742399945177638e+02        D93 -2.014425591828501e-06 -1.124840512880981e-07 3.940074348863628e-04 2.347911186092763e-05
1.743899945177639e+02    MQB1A11 -2.002453715607458e-06 2.717320004219064e-07 4.030922840695245e-04 9.793836251406711e-05
1.746587445177638e+02        D94 -1.929425740494079e-06 2.717320004219064e-07 4.294132189951756e-04 9.793836251406711e-05
1.746587445177638e+02   MBT1A11H -1.929425740494079e-06 2.717320004219064e-07 4.294132189951756e-04 9.793836251406711e-05
1.799048405177637e+02        D95 -5.038935800087425e-07 2.717320004219064e-07 9.432072708267651e-04 9.793836251406711e-05
1.809064487077637e+02    MJD1A05 -5.186702922755065e-07 1.537023461685939e-07 1.028441832404450e-03 7.079807433414208e-05
1.861216407077637e+02        D96 2.829169538441686e-07 1.537023461685939e-07 1.397667383287273e-03 7.079807433414208e-05
1.861216407077637e+02    IPM1A13 2.829169538441686e-07 1.537023461685939e-07 1.397667383287273e-03 7.079807433414208e-05
1.864212907077637e+02        D97 3.289738618735911e-07 1.537023461685939e-07 1.418882026261500e-03 7.079807433414208e-05
1.865712907077638e+02    MQB1A13 3.555924138330297e-07 2.018392081702594e-07 1.414817025943334e-03 -1.249052730206687e-04
1.870355307077638e+02        D98 4.492942478339941e-07 2.018392081702594e-07 1.356831001996217e-03 -1.249052730206687e-04
1.870355307077638e+02   MBT1A13V 4.492942478339941e-07 2.018392081702594e-07 1.356831001996217e-03 -1.249052730206687e-04
1.897784507077638e+02        D99 1.002923048708365e-06 2.018392081702594e-07 1.014225830522360e-03 -1.249052730206687e-04
1.897784507077638e+02    IPM1A14 1.002923048708365e-06 2.018392081702594e-07 1.014225830522360e-03 -1.249052730206687e-04
1.900781007077638e+02       D100 1.063404167436594e-06 2.018392081702594e-07 9.767979654617142e-04 -1.249052730206687e-04
1.902281007077638e+02    MQB1A14 1.076087480846935e-06 -3.318540062451485e-08 9.737407399286872e-04 8.403164820831601e-05
1.904968507077638e+02       D101 1.067168904429091e-06 -3.318540062451485e-08 9.963242453846684e-04 8.403164820831601e-05
1.904968507077638e+02   MBT1A14H 1.067168904429091e-06 -3.318540062451485e-08 9.963242453846684e-04 8.403164820831601e-05
1.937348987077638e+02       D102 9.597129843076803e-07 -3.318540062451485e-08 1.268422755802312e-03 8.403164820831601e-05
1.938848987077638e+02    MQB1A15 9.640311960944972e-07 9.085505863720212e-08 1.268956284730654e-03 -7.692912817309286e-05
1.943491387077638e+02       D103 1.006209748516238e-06 9.085505863720212e-08 1.233242706267576e-03 -7.692912817309286e-05
1.943491387077638e+02   MBT1A15V 1.006209748516238e-06 9.085505863720212e-08 1.233242706267576e-03 -7.692912817309286e-05
1.993997487077638e+02       D104 1.465083216219883e-06 9.085505863720212e-08 8.447036822252742e-04 -7.692912817309286e-05
2.004013568977638e+02    MJD1A06 1.773140621105997e-06 -6.374504081766721e-08 7.558535135983610e-04 -9.896104824366226e-05
2.056165488977638e+02       D105 1.440697994194037e-06 -6.374504081766721e-08 2.397526464863996e-04 -9.896104824366226e-05
2.056165488977638e+02    IPM1A16 1.440697994194037e-06 -6.374504081766721e-08 2.397526464863996e-04 -9.896104824366226e-05
2.059161988977638e+02       D106 1.421596792713028e-06 -6.374504081766721e-08 2.100989683801842e-04 -9.896104824366226e-05
2.060661988977638e+02    MQB1A16 1.402898955904371e-06 -1.852934476765650e-07 1.965557491821212e-04 -8.180663066853664e-05
2.065304388977638e+02       D107 1.316878325755010e-06 -1.852934476765650e-07 1.585778389605582e-04 -8.180663066853664e-05
2.065304388977638e+02   MBT1A16H 1.316878325755010e-06 -1.852934476765650e-07 1.585778389605582e-04 -8.180663066853664e-05
2.115810488977638e+02       D108 3.810333859852622e-07 -1.852934476765650e-07 -2.545955479602563e-04 -8.180663066853664e-05
2.125826570877638e+02    MJD1A07 -8.370639170373912e-08 -3.278242419021780e-07 -3.331573142670196e-04 -7.371612274253495e-05
2.180975090877638e+02       D109 -1.891608567806463e-06 -3.278242419021780e-07 -7.396908212059339e-04 -7.371612274253495e-05
2.182475090877638e+02    MQB1A17 -1.964191443541542e-06 -6.419431709035157e-07 -7.417590904841196e-04 4.619446256021019e-05
2.187117490877638e+02       D110 -2.262207141201808e-06 -6.419431709035157e-07 -7.203137731851668e-04 4.619446256021019e-05
2.187117490877638e+02   MBT1A17V -2.262207141201808e-06 -6.419431709035157e-07 -7.203137731851668e-04 4.619446256021019e-05
2.214546790877638e+02       D111 -4.023012322968180e-06 -6.419431709035157e-07 -5.936055959948895e-04 4.619446256021019e-05
2.214546790877638e+02    IPM1A18 -4.023012322968180e-06 -6.419431709035157e-07 -5.936055959948895e-04 4.619446256021019e-05
2.217543290877638e+02       D112 -4.215370594129439e-06 -6.419431709035157e-07 -5.797634252887216e-04 4.619446256021019e-05
2.219043290877638e+02    MQB1A18 -4.247546466764464e-06 2.140038559755845e-07 -5.814934059236251e-04 -6.931894503300099e-05
2.221730790877638e+02       D113 -4.190032930471042e-06 2.140038559755845e-07 -6.001228724012410e-04 -6.931894503300099e-05
2.221730790877638e+02   MBT1A18H -4.190032930471042e-06 2.140038559755845e-07 -6.001228724012410e-04 -6.931894503300099e-05
2.251114839877638e+02       D114 -3.561202951453467e-06 2.140038559755845e-07 -8.038100001490432e-04 -6.931894503300099e-05
2.251114839877638e+02    IPM1A19 -3.561202951453467e-06 2.140038559755845e-07 -8.038100001490432e-04 -6.931894503300099e-05
2.254111339877638e+02       D115 -3.497076696010383e-06 2.140038559755845e-07 -8.245814220281832e-04 -6.931894503300099e-05
2.255611339877638e+02    MQB1A19 -3.488866438474226e-06 -1.044107767485304e-07 -8.293872811226335e-04 5.312713509273698e-06
2.260253739877638e+02       D116 -3.537338097471971e-06 -1.044107767485304e-07 -8.269209070030882e-04 5.312713509273698e-06
2.260253739877638e+02   MBT1A19V -3.537338097471971e-06 -1.044107767485304e-07 -8.269209070030882e-04 5.312713509273698e-06
2.310759737877638e+02       D117 -4.064675145635935e-06 -1.044107767485304e-07 -8.000885172156935e-04 5.312713509273698e-06
2.320775819777638e+02    MJD1A08 -4.175326246079707e-06 -1.613130800999476e-07 -7.837085413816863e-04 2.711405776133406e-05
2.372927639777638e+02       D118 -5.016603317781511e-06 -1.613130800999476e-07 -6.423037953978157e-04 2.711405776133406e-05
2.372927639777638e+02    IPM1A21 -5.016603317781511e-06 -1.613130800999476e-07 -6.423037953978157e-04 2.711405776133406e-05
2.375924139777638e+02       D119 -5.064940782233475e-06 -1.613130800999476e-07 -6.341790679896314e-04 2.711405776133406e-05
2.377424139777638e+02    MQB1A21 -5.054480736406719e-06 3.006243339281435e-07 -6.343800083172410e-04 -2.979628234115868e-05
2.380111639777638e+02       D120 -4.973687946663537e-06 3.006243339281435e-07 -6.423877591964262e-04 -2.979628234115868e-05
2.380111639777638e+02   MBT1A21H -4.973687946663537e-06 3.006243339281435e-07 -6.423877591964262e-04 -2.979628234115868e-05
2.387127139777638e+02       D121 -4.762784945196250e-06 3.006243339281435e-07 -6.632913410728659e-04 -2.979628234115868e-05
2.387127139777638e+02    ITV1A21 -4.762784945196250e-06 3.006243339281435e-07 -6.632913410728659e-04 -2.979628234115868e-05
2.388489979777638e+02       D122 -4.721814658471171e-06 3.006243339281435e-07 -6.673520976154498e-04 -2.979628234115868e-05
2.388489979777638e+02    IHA1A21 -4.721814658471171e-06 3.006243339281435e-07 -6.673520976154498e-04 -2.979628234115868e-05
2.442588329732222e+02       D123 -3.095486616300332e-06 3.006243339281435e-07 -8.285450685592083e-04 -2.979628234115868e-05
2.442588329732222e+02    ISR1A21 -3.095486616300332e-06 3.006243339281435e-07 -8.285450685592083e-04 -2.979628234115868e-05
2.432572347832221e+02       D124 -3.396591405032720e-06 3.006243339281435e-07 -7.987011660975739e-04 -2.979628234115868e-05
2.442588429732222e+02    MJD1A09 -3.024750284318913e-06 2.221990213834042e-07 -8.175649536533490e-04 -7.547917466730960e-06
2.494740741677638e+02       D125 -1.865931016603561e-06 2.221990213834042e-07 -8.569290882796698e-04 -7.547917466730960e-06
2.494740741677638e+02    IPM1A23 -1.865931016603561e-06 2.221990213834042e-07 -8.569290882796698e-04 -7.547917466730960e-06
2.497737241677638e+02       D126 -1.799349079846020e-06 2.221990213834042e-07 -8.591908217485760e-04 -7.547917466730960e-06
2.499237241677638e+02    MQB1A23 -1.778420992797134e-06 5.715720727726020e-08 -8.545182207843854e-04 6.977936864495603e-05
2.503879641677638e+02       D127 -1.751886330890734e-06 5.715720727726020e-08 -8.221238466846498e-04 6.977936864495603e-05
2.503879641677638e+02   MBT1A23V -1.751886330890734e-06 5.715720727726020e-08 -8.221238466846498e-04 6.977936864495603e-05
2.531308841677638e+02       D128 -1.595108683905794e-06 5.715720727726020e-08 -6.307246208410249e-04 6.977936864495603e-05
2.531308841677638e+02    IPM1A24 -1.595108683905794e-06 5.715720727726020e-08 -6.307246208410249e-04 6.977936864495603e-05
2.534305341677639e+02       D129 -1.577981526745161e-06 5.715720727726020e-08 -6.098152330265623e-04 6.977936864495603e-05
2.535805341677639e+02    MQB1A24 -1.545148536934549e-06 3.795215703536307e-07 -6.084405292570663e-04 -5.140384477697808e-05
2.538492841677638e+02       D130 -1.443152114902046e-06 3.795215703536307e-07 -6.222553125408768e-04 -5.140384477697808e-05
2.538492841677638e+02   MBT1A24H -1.443152114902046e-06 3.795215703536307e-07 -6.222553125408768e-04 -5.140384477697808e-05
2.570873497677638e+02       D131 -2.142363734819724e-07 3.795215703536307e-07 -7.887043340209492e-04 -5.140384477697808e-05
2.572373497677638e+02    MQB1A25 -1.599387907866914e-07 3.459486805053523e-07 -7.868466469027782e-04 7.612335967252764e-05
2.577015897677638e+02       D132 6.644246511216048e-10 3.459486805053523e-07 -7.515071384084026e-04 7.612335967252764e-05
2.577015897677638e+02   MBT1A25V 6.644246511216048e-10 3.459486805053523e-07 -7.515071384084026e-04 7.612335967252764e-05
2.627521997677638e+02       D133 1.747916289898258e-06 3.459486805053523e-07 -3.670377368127408e-04 7.612335967252764e-05
2.637538079577638e+02    MJD1A10 1.972228798850239e-06 2.251535872644115e-07 -2.855947198115617e-04 8.510702194317746e-05
2.689689999577638e+02       D134 3.146447985922903e-06 2.251535872644115e-07 1.582547401703218e-04 8.510702194317746e-05
2.689689999577638e+02    IPM1A26 3.146447985922903e-06 2.251535872644115e-07 1.582547401703218e-04 8.510702194317746e-05
2.692686499577638e+02       D135 3.213915258346685e-06 2.251535872644115e-07 1.837570592955966e-04 8.510702194317746e-05
2.694186499577638e+02    MQB1A26 3.227124936899492e-06 -4.921314364317851e-08 1.977152257078862e-04 1.011991474629827e-04
2.698828899577638e+02       D136 3.204278227094579e-06 -4.921314364317851e-08 2.446959179261031e-04 1.011991474629827e-04
2.698828899577638e+02   MBT1A26H 3.204278227094579e-06 -4.921314364317851e-08 2.446959179261031e-04 1.011991474629827e-04
2.749334897577638e+02       D137 2.955722333652979e-06 -4.921314364317851e-08 7.558123118628083e-04 1.011991474629827e-04
2.759350979477638e+02    MJD1A11 2.855848310638581e-06 -1.746517310473567e-07 8.469073304301839e-04 7.913735070135559e-05
2.814499499477638e+02       D138 1.892669862368598e-06 -1.746517310473567e-07 1.283338107220256e-03 7.913735070135559e-05
2.815999499477638e+02    MQB1A27 1.884579815279444e-06 6.661182277150940e-08 1.282998347505620e-03 -8.366035615289907e-05
2.820641899477638e+02       D139 1.915503687882887e-06 6.661182277150940e-08 1.244159863765197e-03 -8.366035615289907e-05
2.820641899477638e+02   MBT1A27V 1.915503687882887e-06 6.661182277150940e-08 1.244159863765197e-03 -8.366035615289907e-05
2.848071199477638e+02       D140 2.098215254917556e-06 6.661182277150940e-08 1.014685363062725e-03 -8.366035615289907e-05
2.848071199477638e+02    IPM1A28 2.098215254917556e-06 6.661182277150940e-08 1.014685363062725e-03 -8.366035615289907e-05
2.851067699477638e+02       D141 2.118175487611030e-06 6.661182277150940e-08 9.896165373415072e-04 -8.366035615289907e-05
2.852567699477638e+02    MQB1A28 2.093729147994647e-06 -3.916864824880556e-07 9.929862042290009e-04 1.287111566831573e-04
2.855249079777639e+02       D142 1.988703106202626e-06 -3.916864824880556e-07 1.027498560221050e-03 1.287111566831573e-04
2.855249079777639e+02   MBT1A28H 1.988703106202626e-06 -3.916864824880556e-07 1.027498560221050e-03 1.287111566831573e-04
2.884639279777639e+02       D143 8.375287004405794e-07 -3.916864824880556e-07 1.405783223935987e-03 1.287111566831573e-04
2.884639279777639e+02    IPM1A29 8.375287004405794e-07 -3.916864824880556e-07 1.405783223935987e-03 1.287111566831573e-04
2.887635779777639e+02       D144 7.201598459630320e-07 -3.916864824880556e-07 1.444351522036097e-03 1.287111566831573e-04
2.889135779777639e+02    MQB1A29 6.687468639110023e-07 -2.950212828034614e-07 1.448680532864817e-03 -7.108984243506750e-05
2.944284179777639e+02       D145 -9.582483073448373e-07 -2.950212828034614e-07 1.056631426210209e-03 -7.108984243506750e-05
2.954300261677639e+02    MJD1A12 -1.219701792678995e-06 -3.954983201254191e-07 9.707132643156774e-04 -9.899658783967867e-05
2.987266881677639e+02       D146 -2.523526075700287e-06 -3.954983201254191e-07 6.443549750549496e-04 -9.899658783967867e-05
2.987266881677639e+02   MBT1A30V -2.523526075700287e-06 -3.954983201254191e-07 6.443549750549496e-04 -9.899658783967867e-05
3.006452181677639e+02       D147 -3.282301467810515e-06 -3.954983201254191e-07 4.544270513868880e-04 -9.899658783967867e-05
3.006452181677639e+02    IPM1A31 -3.282301467810515e-06 -3.954983201254191e-07 4.544270513868880e-04 -9.899658783967867e-05
3.009448681677640e+02       D148 -3.400812539436108e-06 -3.954983201254191e-07 4.247627238407263e-04 -9.899658783967867e-05
3.010948681677639e+02    MQB1A31 -3.411683637521829e-06 2.508877325558950e-07 4.158234567950635e-04 -2.047519704313976e-05
3.013636181677639e+02       D149 -3.344257559397453e-06 2.508877325558950e-07 4.103207475897207e-04 -2.047519704313976e-05
3.013636181677639e+02   MBT1A31H -3.344257559397453e-06 2.508877325558950e-07 4.103207475897207e-04 -2.047519704313976e-05
3.020651681677639e+02       D150 -3.168247270622854e-06 2.508877325558950e-07 3.959563731041060e-04 -2.047519704313976e-05
3.020651681677639e+02    ITV1A31 -3.168247270622854e-06 2.508877325558950e-07 3.959563731041060e-04 -2.047519704313976e-05
3.066097141677638e+02       D151 -2.028076429186922e-06 2.508877325558950e-07 3.029058982824951e-04 -2.047519704313976e-05
3.076113223577638e+02    MJD1A13 -1.813924213893408e-06 1.350657537800848e-07 2.781798107770769e-04 -2.847396269861297e-05
3.128265263577638e+02       D152 -1.109528754516507e-06 1.350657537800848e-07 1.296822866154207e-04 -2.847396269861297e-05
3.128265263577638e+02    IPM1A33 -1.109528754516507e-06 1.350657537800848e-07 1.296822866154207e-04 -2.847396269861297e-05
3.131261763577638e+02       D153 -1.069056301396294e-06 1.350657537800848e-07 1.211500636927807e-04 -2.847396269861297e-05
3.132761763577638e+02    MQB1A33 -1.058363303467260e-06 7.712089447757141e-09 1.158236713749425e-04 -4.244070159573945e-05
3.137404163577638e+02       D154 -1.054783043062041e-06 7.712089447757141e-09 9.612100006613562e-05 -4.244070159573945e-05
3.137404163577638e+02   MBT1A33V -1.054783043062041e-06 7.712089447757141e-09 9.612100006613562e-05 -4.244070159573945e-05
3.164833483577638e+02       D155 -1.033629306128957e-06 7.712089447757141e-09 -2.029095844326918e-05 -4.244070159573945e-05
3.164833483577638e+02    IPM1A34 -1.033629306128957e-06 7.712089447757141e-09 -2.029095844326918e-05 -4.244070159573945e-05
3.167829983577639e+02       D156 -1.031318378525941e-06 7.712089447757141e-09 -3.300831467643335e-05 -4.244070159573945e-05
3.169329983577638e+02    MQB1A34 -1.010751019308934e-06 2.656650064538479e-07 -4.002332574473351e-05 -5.138349770043767e-05
3.172017483577638e+02       D157 -9.393535488244655e-07 2.656650064538479e-07 -5.383264075172383e-05 -5.138349770043767e-05
3.172017483577638e+02   MBT1A34H -9.393535488244655e-07 2.656650064538479e-07 -5.383264075172383e-05 -5.138349770043767e-05
3.204398070577638e+02       D158 -7.911466339101132e-08 2.656650064538479e-07 -2.202154225170555e-04 -5.138349770043767e-05
3.205898070577638e+02    MQB1A35 -4.005183585253230e-08 2.561063602216880e-07 -2.255974150528151e-04 -2.025218011243050e-05
3.210540470577638e+02       D159 7.884298081678800e-08 2.561063602216880e-07 -2.349992871482102e-04 -2.025218011243050e-05
3.210540470577638e+02   MBT1A35V 7.884298081678800e-08 2.561063602216880e-07 -2.349992871482102e-04 -2.025218011243050e-05
3.261046450577638e+02       D160 1.372333251539726e-06 2.561063602216880e-07 -3.372849075196913e-04 -2.025218011243050e-05
3.271062532477638e+02    MJD1A14 1.420801484422883e-06 1.197331737491604e-07 -3.529455792594592e-04 -1.075095335553351e-05
3.323214572477638e+02       D161 2.045234411092182e-06 1.197331737491604e-07 -4.090139942030507e-04 -1.075095335553351e-05
3.323214572477638e+02    IPM1A36 2.045234411092182e-06 1.197331737491604e-07 -4.090139942030507e-04 -1.075095335553351e-05
3.326211072477638e+02       D162 2.081112456606123e-06 1.197331737491604e-07 -4.122355173760365e-04 -1.075095335553351e-05
3.327711072477638e+02    MQB1A36 2.078226955389355e-06 -1.581420120932656e-07 -4.179470882371417e-04 -6.552997095667407e-05
3.330398572477637e+02       D163 2.035726289639295e-06 -1.581420120932656e-07 -4.355582679317449e-04 -6.552997095667407e-05
3.330398572477637e+02   MBT1A36H 2.035726289639295e-06 -1.581420120932656e-07 -4.355582679317449e-04 -6.552997095667407e-05
3.382859519477636e+02       D164 1.206098318149502e-06 -1.581420120932656e-07 -7.793347012587009e-04 -6.552997095667407e-05
3.392875601377636e+02    MJD1A15 1.075870016571836e-06 -2.950319362526549e-07 -8.343180162783306e-04 -4.331769037234920e-05
3.448024019377636e+02       D165 -5.511844378092365e-07 -2.950319362526549e-07 -1.073208225823219e-03 -4.331769037234920e-05
3.449524019377636e+02    MQB1A37 -6.010915802748384e-07 -3.714996360159679e-07 -1.069157855727652e-03 9.723476870962137e-05
3.454166419377636e+02       D166 -7.735565712988996e-07 -3.714996360159679e-07 -1.024017586701895e-03 9.723476870962137e-05
3.454166419377636e+02   MBT1A37V -7.735565712988996e-07 -3.714996360159679e-07 -1.024017586701895e-03 9.723476870962137e-05
3.481595719377636e+02       D167 -1.792554067916169e-06 -3.714996360159679e-07 -7.573094225652135e-04 9.723476870962137e-05
3.481595719377636e+02    IPM1A38 -1.792554067916169e-06 -3.714996360159679e-07 -7.573094225652135e-04 9.723476870962137e-05
3.484592219377637e+02       D168 -1.903873933848350e-06 -3.714996360159679e-07 -7.281730241213736e-04 9.723476870962137e-05
3.486092219377637e+02    MQL1A38 -1.911798124507678e-06 2.662316046509261e-07 -7.314911508606301e-04 -1.416612717783705e-04
3.488779719377636e+02       D169 -1.840248380757768e-06 2.662316046509261e-07 -7.695626176510607e-04 -1.416612717783705e-04
3.488779719377636e+02   MBT1A38H -1.840248380757768e-06 2.662316046509261e-07 -7.695626176510607e-04 -1.416612717783705e-04
3.518163801377636e+02       D170 -1.057951250552313e-06 2.662316046509261e-07 -1.185821260267057e-03 -1.416612717783705e-04
3.518163801377636e+02    IPM1A39 -1.057951250552313e-06 2.662316046509261e-07 -1.185821260267057e-03 -1.416612717783705e-04
3.521160301377637e+02       D171 -9.781749502186603e-07 2.662316046509261e-07 -1.228270060355449e-03 -1.416612717783705e-04
3.522660301377637e+02    MQB1A39 -9.504921381632992e-07 1.036542536464666e-07 -1.234078940694644e-03 6.436988714964240e-05
3.577808803377636e+02       D172 -3.788544567102387e-07 1.036542536464666e-07 -8.790886556734674e-04 6.436988714964240e-05
3.587824885277636e+02    MJD1A16 6.428550924279511e-07 -1.587767215028408e-07 -8.023665224550100e-04 8.751559301182703e-05
3.614649015277636e+02       D173 2.169503505713294e-07 -1.587767215028408e-07 -5.676135580573786e-04 8.751559301182703e-05
3.616149015277635e+02    MQB1A40 1.916362992610485e-07 -1.783493792343266e-07 -5.585655560223420e-04 3.327058027526822e-05
3.620791415277636e+02       D174 1.088393834452785e-07 -1.783493792343266e-07 -5.431200218353509e-04 3.327058027526822e-05
3.620791415277636e+02   MBT1A40V 1.088393834452785e-07 -1.783493792343266e-07 -5.431200218353509e-04 3.327058027526822e-05
3.640001515277636e+02       D175 -2.337715575576466e-07 -1.783493792343266e-07 -4.792069044207573e-04 3.327058027526822e-05
3.640001515277636e+02    IPM1R01 -2.337715575576466e-07 -1.783493792343266e-07 -4.792069044207573e-04 3.327058027526822e-05
3.642998015277636e+02       D176 -2.872139490451876e-07 -1.783493792343266e-07 -4.692373750412725e-04 3.327058027526822e-05
3.644498015277636e+02    MQB1R01 -3.097157812382984e-07 -1.209279624363835e-07 -4.709541495555573e-04 -5.621604930466377e-05
3.647185515277636e+02       D177 -3.422151711430475e-07 -1.209279624363835e-07 -4.860622128061832e-04 -5.621604930466377e-05
3.647185515277636e+02   MBT1R01H -3.422151711430475e-07 -1.209279624363835e-07 -4.860622128061832e-04 -5.621604930466377e-05
3.654201015277636e+02       D178 -4.270521831903039e-07 -1.209279624363835e-07 -5.255005821958699e-04 -5.621604930466377e-05
3.654201015277636e+02    ITV1R01 -4.270521831903039e-07 -1.209279624363835e-07 -5.255005821958699e-04 -5.621604930466377e-05
3.700001515277636e+02       D179 -9.809082975470841e-07 -1.209279624363835e-07 -7.829728988136969e-04 -5.621604930466377e-05
3.700001515277636e+02    IPM1R02 -9.809082975470841e-07 -1.209279624363835e-07 -7.829728988136969e-04 -5.621604930466377e-05
3.702998015277636e+02       D180 -1.017144361491146e-06 -1.209279624363835e-07 -7.998180379878404e-04 -5.621604930466377e-05
3.704498015277636e+02    MQL1R02 -1.055588853080656e-06 -3.933734397628067e-07 -7.924289706137757e-04 1.544162000158168e-04
3.709140415277636e+02       D181 -1.238208538756149e-06 -3.933734397628067e-07 -7.207427939184301e-04 1.544162000158168e-04
3.709140415277636e+02   MBT1R02V -1.238208538756149e-06 -3.933734397628067e-07 -7.207427939184301e-04 1.544162000158168e-04
3.745805715277636e+02       D182 -2.680524056849670e-06 -3.933734397628067e-07 -1.545711640744422e-04 1.544162000158168e-04
3.745805715277636e+02    IDA1R02 -2.680524056849670e-06 -3.933734397628067e-07 -1.545711640744422e-04 1.544162000158168e-04
3.760001515277636e+02       D183 -3.238949124468168e-06 -3.933734397628067e-07 6.463498514401102e-05 1.544162000158168e-04
3.760001515277636e+02    IPM1R03 -3.238949124468168e-06 -3.933734397628067e-07 6.463498514401102e-05 1.544162000158168e-04
3.762998015277636e+02       D184 -3.356823475693116e-06 -3.933734397628067e-07 1.109057994787536e-04 1.544162000158168e-04
3.764498015277636e+02    MQL1R03 -3.327544109822492e-06 7.820933316012286e-07 1.371959900438701e-04 1.976814892738979e-04
3.767185515277636e+02       D185 -3.117356526954703e-06 7.820933316012286e-07 1.903228902862213e-04 1.976814892738979e-04
3.767185515277636e+02   MBT1R03H -3.117356526954703e-06 7.820933316012286e-07 1.903228902862213e-04 1.976814892738979e-04
3.820001515277636e+02       D186 1.013347613230401e-06 7.820933316012286e-07 1.234397444035246e-03 1.976814892738979e-04
3.820001515277636e+02    IPM1R04 1.013347613230401e-06 7.820933316012286e-07 1.234397444035246e-03 1.976814892738979e-04
3.822998015277636e+02       D187 1.247701880044724e-06 7.820933316012286e-07 1.293632702296174e-03 1.976814892738979e-04
3.824498015277636e+02    MQL1R04 1.389321700593336e-06 1.112170361874071e-06 1.298811132929955e-03 -1.288499153697258e-04
3.829140415277636e+02       D188 1.905635669389774e-06 1.112170361874071e-06 1.238993848218711e-03 -1.288499153697258e-04
3.829140415277636e+02   MBT1R04V 1.905635669389774e-06 1.112170361874071e-06 1.238993848218711e-03 -1.288499153697258e-04
3.834195015277636e+02       D189 2.467793300502613e-06 1.112170361874071e-06 1.173865369995933e-03 -1.288499153697258e-04
3.834195015277636e+02    ITV1R04 2.467793300502613e-06 1.112170361874071e-06 1.173865369995933e-03 -1.288499153697258e-04
3.861093015277636e+02       D190 5.459309139871463e-06 1.112170361874071e-06 8.272848676344485e-04 -1.288499153697258e-04
3.862593015277636e+02    MQB1R05 5.691646404897633e-06 1.991819649208078e-06 7.982432767139885e-04 -2.576117827972975e-04
3.878096515277635e+02       D191 8.779663998047367e-06 1.991819649208078e-06 3.988548492542035e-04 -2.576117827972975e-04
3.878096515277635e+02    IPM1R06 8.779663998047367e-06 1.991819649208078e-06 3.988548492542035e-04 -2.576117827972975e-04
3.881093015277636e+02       D192 9.376512755932608e-06 1.991819649208078e-06 3.216614785389882e-04 -2.576117827972975e-04
3.882593015277636e+02    MQL1R06 9.384905715372126e-06 -1.880512229393576e-06 2.925850493125472e-04 -1.321057045911196e-04
3.885280515277635e+02       D193 8.879518053722708e-06 -1.880512229393576e-06 2.570816412036897e-04 -1.321057045911196e-04
3.885280515277635e+02   MBT1R06H 8.879518053722708e-06 -1.880512229393576e-06 2.570816412036897e-04 -1.321057045911196e-04
3.901093015277635e+02       D194 5.905958090994217e-06 -1.880512229393576e-06 4.818949581899116e-05 -1.321057045911196e-04
3.902593015277635e+02    MQL1R07 5.735734092789756e-06 -3.964733144675847e-07 2.757938211704473e-05 -1.418276907160729e-04
3.907235415277635e+02       D195 5.551675321281318e-06 -3.964733144675847e-07 -3.826270502098751e-05 -1.418276907160729e-04
3.907235415277635e+02   MBT1R07V 5.551675321281318e-06 -3.964733144675847e-07 -3.826270502098751e-05 -1.418276907160729e-04
3.911782775277634e+02       D196 5.371384632153585e-06 -3.964733144675847e-07 -1.027568617864508e-04 -1.418276907160729e-04
3.921916280673635e+02    MXI1R01 4.742809474018995e-06 -8.132699188394760e-07 -2.423754942894365e-04 -1.383747857701064e-04
3.925693749073634e+02       D197 4.435599332110358e-06 -8.132699188394760e-07 -2.946461323497650e-04 -1.383747857701064e-04
3.935827254469634e+02    MXI1R02 3.428364621887018e-06 -1.128342769259545e-06 -4.280692818545291e-04 -1.290133667544927e-04
3.939530089169634e+02       D198 3.010557945936170e-06 -1.128342769259545e-06 -4.758407989727658e-04 -1.290133667544927e-04
3.939530089169634e+02    IPM1R08 3.010557945936170e-06 -1.128342769259545e-06 -4.758407989727658e-04 -1.290133667544927e-04
3.941764589169633e+02       D199 2.758429754145225e-06 -1.128342769259545e-06 -5.046688357740459e-04 -1.290133667544927e-04
3.944764589169633e+02    MQN1R08 2.644610645313747e-06 3.583201865305992e-07 -5.006641510410545e-04 1.553568568874719e-04
3.957593100169634e+02       D200 3.104282090756729e-06 3.583201865305992e-07 -3.013644362904156e-04 1.553568568874719e-04
3.957593100169634e+02    IPM1R09 3.104282090756729e-06 3.583201865305992e-07 -3.013644362904156e-04 1.553568568874719e-04
3.960577600169634e+02       D201 3.211222750426774e-06 3.583201865305992e-07 -2.549981823523527e-04 1.553568568874719e-04
3.962077600169633e+02    MQL1R09 3.187287774267319e-06 -6.762000534424613e-07 -2.376928971271204e-04 7.632424710020490e-05
3.963985140169633e+02       D202 3.058299909272980e-06 -6.762000534424613e-07 -2.231337416957703e-04 7.632424710020490e-05
3.963985140169633e+02   MBT1R09H 3.058299909272980e-06 -6.762000534424613e-07 -2.231337416957703e-04 7.632424710020490e-05
4.019630079169633e+02       D203 -7.044111632872728e-07 -6.762000534424613e-07 2.015720657154126e-04 7.632424710020490e-05
4.019630079169633e+02    IPM1R10 -7.044111632872728e-07 -6.762000534424613e-07 2.015720657154126e-04 7.632424710020490e-05
4.022614579169633e+02       D204 -9.062230692371635e-07 -6.762000534424613e-07 2.243510372624672e-04 7.632424710020490e-05
4.024114579169633e+02    MQB1R10 -1.018047673016658e-06 -8.175566015976621e-07 2.332855185615281e-04 4.258454778019144e-05
4.026022119169633e+02       D205 -1.173999864997792e-06 -8.175566015976621e-07 2.414086913887895e-04 4.258454778019144e-05
4.026022119169633e+02   MBT1R10H -1.173999864997792e-06 -8.175566015976621e-07 2.414086913887895e-04 4.258454778019144e-05
4.027980459169632e+02       D206 -1.334105244515055e-06 -8.175566015976621e-07 2.497481937187751e-04 4.258454778019144e-05
4.027980459169632e+02   MBT1R10V -1.334105244515055e-06 -8.175566015976621e-07 2.497481937187751e-04 4.258454778019144e-05
4.032753415269634e+02       D207 -1.724321421384220e-06 -8.175566015976621e-07 2.700736114280997e-04 4.258454778019144e-05
4.042835950515633e+02    MXJ1R04 -2.477542311384693e-06 -6.411803136707163e-07 3.093984050806160e-04 3.654969461319782e-05
4.076456183515634e+02       D208 -4.633205465446973e-06 -6.411803136707163e-07 4.322793299780727e-04 3.654969461319782e-05
4.076456183515634e+02   IPM1R10A -4.633205465446973e-06 -6.411803136707163e-07 4.322793299780727e-04 3.654969461319782e-05
4.081065387215634e+02       D209 -4.928738532860803e-06 -6.411803136707163e-07 4.491258287425752e-04 3.654969461319782e-05
4.091298578066634e+02    MXQ1R06 -5.058532890751053e-06 -1.366071570880946e-07 5.107521741393811e-04 3.485491044197164e-05
