0.000000000000000e+00      _BEG_ 7.038843791683235e-22 1.507718646112655e-22 1.355252715606881e-22 7.115076756936123e-23
1.023319085100000e+00    MXQ1S01 -1.450284537744347e-11 -1.279840077188273e-11 1.253290243415192e-07 3.854406559280965e-07
4.385342385099980e+00         D0 -5.753136697537998e-11 -1.279840077188273e-11 1.421189490339055e-06 3.854406559280965e-07
4.385342385099980e+00    IPM1S00 -5.753136697537998e-11 -1.279840077188273e-11 1.421189490339055e-06 3.854406559280965e-07
4.846262755100013e+00         D1 -6.343041059450371e-11 -1.279840077188273e-11 1.598846940082488e-06 3.854406559280965e-07
5.854516279700013e+00    MXJ1S03 -5.984801200540484e-11 2.164373949497078e-11 1.832951825156496e-06 -5.105170410438210e-08
6.419949889699970e+00         D2 -4.760991424890184e-11 2.164373949497078e-11 1.804085475808106e-06 -5.105170410438210e-08
6.419949889699970e+00    IPM1S01 -4.760991424890184e-11 2.164373949497078e-11 1.804085475808106e-06 -5.105170410438210e-08
6.718399889700007e+00         D3 -4.115034019651798e-11 2.164373949497078e-11 1.788849094718152e-06 -5.105170410438210e-08
6.868399889700007e+00    MQB1S01 -3.833870040966696e-11 1.591318229121913e-11 1.761256351752014e-06 -3.161717476419354e-07
7.059153889699977e+00         D4 -3.530319723498045e-11 1.591318229121913e-11 1.700945326202333e-06 -3.161717476419354e-07
7.059153889699977e+00   MBT1S01H -3.530319723498045e-11 1.591318229121913e-11 1.700945326202333e-06 -3.161717476419354e-07
7.254987889699968e+00         D5 -3.218685509414406e-11 1.591318229121913e-11 1.639028148174626e-06 -3.161717476419354e-07
7.254987889699968e+00   MBT1S01V -3.218685509414406e-11 1.591318229121913e-11 1.639028148174626e-06 1.087628372434673e-05
7.748509889700009e+00         D6 -2.433334954330692e-11 1.591318229121913e-11 7.006713444382117e-06 1.087628372434673e-05
7.748509889700009e+00    ITV1S01 -2.433334954330692e-11 1.591318229121913e-11 7.006713444382117e-06 1.087628372434673e-05
1.262364978969998e+01         D7 5.324564038061610e-11 1.591318229121913e-11 6.003011819266513e-05 1.087628372434673e-05
1.262364978969998e+01    IPM1S02 5.324564038061610e-11 1.591318229121913e-11 6.003011819266513e-05 1.087628372434673e-05
1.292209978970001e+01         D8 5.799492963548037e-11 1.591318229121913e-11 6.327614507019682e-05 1.087628372434673e-05
1.307209978970002e+01    MQL1S02 5.901682029768487e-11 -2.340246108066633e-12 6.642721349120429e-05 3.130664756479115e-05
1.326285378969999e+01         D9 5.857040899124536e-11 -2.340246108066633e-12 7.239908174077753e-05 3.130664756479115e-05
1.326285378969999e+01   MBT1S02H 5.857040899124536e-11 -2.340246108066633e-12 7.239908174077753e-05 3.130664756479115e-05
1.345868778969998e+01        D10 5.811210923483746e-11 -2.340246108066633e-12 7.852998775998056e-05 3.130664756479115e-05
1.345868778969998e+01   MBT1S02V 5.811210923483746e-11 -2.340246108066633e-12 7.852998775998056e-05 -7.462681988141633e-06
1.442995085970000e+01        D11 5.583911461512525e-11 -2.340246108066633e-12 7.128176034174426e-05 -7.462681988141633e-06
1.442995085970000e+01    IPM1S03 5.583911461512525e-11 -2.340246108066633e-12 7.128176034174426e-05 -7.462681988141633e-06
1.465340085969996e+01        D12 5.531618662269985e-11 -2.340246108066633e-12 6.961422405149425e-05 -7.462681988141633e-06
1.495340085969996e+01    MQN1S03 5.922010304308515e-11 2.874355808384532e-11 6.167315831556090e-05 -4.477182829697290e-05
1.554713232970007e+01        D13 7.628605803724705e-11 2.874355808384532e-11 3.509071488620684e-05 -4.477182829697290e-05
1.656048286930007e+01    MXI1S05 1.050647570310361e-10 2.087324960145092e-11 -9.545320147251668e-06 -4.463773794415541e-05
1.693822970930008e+01        D14 1.129495611082931e-10 2.087324960145092e-11 -2.640708460040501e-05 -4.463773794415541e-05
1.795158024890008e+01    MXI1S06 1.210224902753563e-10 2.785047008607622e-13 -7.057523511134610e-05 -4.411354275403315e-05
1.860505024890006e+01        D15 1.212044847424061e-10 2.785047008607622e-13 -9.940211189482334e-05 -4.411354275403315e-05
1.890505024890006e+01    MQN1S04 1.275795393167309e-10 4.259861711057654e-11 -1.074964835823259e-04 -9.413645771095827e-06
1.979975024890006e+01        D16 1.656925220459436e-10 4.259861711057654e-11 -1.159188724537254e-04 -9.413645771095827e-06
1.979975024890006e+01    ITV1S04 1.656925220459436e-10 4.259861711057654e-11 -1.159188724537254e-04 -9.413645771095827e-06
2.038040024890011e+01        D17 1.904274090708735e-10 4.259861711057654e-11 -1.213849058707126e-04 -9.413645771095827e-06
2.038040024890011e+01    IPM1S05 1.904274090708735e-10 4.259861711057654e-11 -1.213849058707126e-04 -9.413645771095827e-06
2.068005024890008e+01        D18 2.031920846883224e-10 4.259861711057654e-11 -1.242057048260211e-04 -9.413645771095827e-06
2.083005024890008e+01    MQL1S05 2.033897084646611e-10 -3.997690542193762e-11 -1.293010857115635e-04 -5.886421966908977e-05
2.109880024890009e+01        D19 1.926459151325110e-10 -3.997690542193762e-11 -1.451208447476320e-04 -5.886421966908977e-05
2.109880024890009e+01   MBT1S05H 1.926459151325110e-10 -3.997690542193762e-11 -1.451208447476320e-04 -5.886421966908977e-05
2.129489024890011e+01        D20 1.848068437484670e-10 -3.997690542193762e-11 -1.566635295825454e-04 -5.886421966908977e-05
2.129489024890011e+01   MBT1S05V 1.848068437484670e-10 -3.997690542193762e-11 -1.566635295825454e-04 -5.886421966908977e-05
2.268005024890007e+01        D21 1.294324334343689e-10 -3.997690542193762e-11 -2.381998920993794e-04 -5.886421966908977e-05
2.283005024890007e+01    MQB1S06 1.260591178104786e-10 -5.156469617730889e-12 -2.422491903442907e-04 5.050316826615582e-06
2.638040024890011e+01        D22 1.077518459034781e-10 -5.156469617730889e-12 -2.243187979989158e-04 5.050316826615582e-06
2.638040024890011e+01    IPM1S07 1.077518459034781e-10 -5.156469617730889e-12 -2.243187979989158e-04 5.050316826615582e-06
2.668005024889996e+01        D23 1.062067097824988e-10 -5.156469617730889e-12 -2.228054705618212e-04 5.050316826615582e-06
2.683005024889996e+01    MQL1S07 1.060899336555632e-10 3.597870787035442e-12 -2.207141973605825e-04 2.280555381962412e-05
2.729429024889998e+01        D24 1.077602091898057e-10 3.597870787035442e-12 -2.101269470553597e-04 2.280555381962412e-05
2.729429024889998e+01   MBT1S07V 1.077602091898057e-10 3.597870787035442e-12 -2.101269470553597e-04 2.280555381962412e-05
3.185811274890011e+01        D25 1.241802528394566e-10 3.597870787035442e-12 -1.060464474083953e-04 2.280555381962412e-05
3.185811274890011e+01   MAZ1S08H 1.241802528394566e-10 3.597870787035442e-12 -1.060464474083953e-04 2.280555381962412e-05
3.238040024890012e+01        D26 1.260593757779541e-10 3.597870787035442e-12 -9.413539171782829e-05 2.280555381962412e-05
3.238040024890012e+01    IPM1S08 1.260593757779541e-10 3.597870787035442e-12 -9.413539171782829e-05 2.280555381962412e-05
3.268005024889997e+01        D27 1.271374777592053e-10 3.597870787035442e-12 -8.730170751578138e-05 2.280555381962412e-05
3.283005024889997e+01    MQL1S08 1.266712108927528e-10 -9.806670547270684e-12 -8.454172300005843e-05 1.404145286047602e-05
3.309880024889998e+01        D28 1.240356681833329e-10 -9.806670547270684e-12 -8.076808254380534e-05 1.404145286047602e-05
3.309880024889998e+01   MBT1S08H 1.240356681833329e-10 -9.806670547270684e-12 -8.076808254380534e-05 1.404145286047602e-05
3.329489024890012e+01        D29 1.221126781557563e-10 -9.806670547270684e-12 -7.801469405239263e-05 1.404145286047602e-05
3.329489024890012e+01   MBT1S08V 1.221126781557563e-10 -9.806670547270684e-12 -7.801469405239263e-05 1.404145286047602e-05
3.795919204889998e+01        D30 7.637140707008769e-11 -9.806670547270684e-12 -1.252112020066115e-05 1.404145286047602e-05
3.795919204889998e+01   MAZ1S09V 7.637140707008769e-11 -9.806670547270684e-12 -1.252112020066115e-05 1.404145286047602e-05
3.838040024890012e+01        D31 7.224075702089572e-11 -9.806670547270684e-12 -6.606745115913274e-06 1.404145286047602e-05
3.838040024890012e+01    IPM1S09 7.224075702089572e-11 -9.806670547270684e-12 -6.606745115913274e-06 1.404145286047602e-05
3.868005024889997e+01        D32 6.930218819161347e-11 -9.806670547270684e-12 -2.399223766273755e-06 1.404145286047602e-05
3.883005024889997e+01    MQL1S09 6.830786430995942e-11 -3.466224706432179e-12 -2.816904883962725e-07 1.416101363169315e-05
3.929429024889998e+01        D33 6.669870415217550e-11 -3.466224706432179e-12 6.292418479981209e-06 1.416101363169315e-05
3.929429024889998e+01   MBT1S09V 6.669870415217550e-11 -3.466224706432179e-12 6.292418479981209e-06 1.416101363169315e-05
4.438040024890012e+01        D34 4.906910401062585e-11 -3.466224706432179e-12 7.831689152227388e-05 1.416101363169315e-05
4.438040024890012e+01    IPM1S10 4.906910401062585e-11 -3.466224706432179e-12 7.831689152227388e-05 1.416101363169315e-05
4.468005024889997e+01        D35 4.803044977679785e-11 -3.466224706432179e-12 8.256023925700858e-05 1.416101363169315e-05
4.483005024889997e+01    MQB1S10 4.727901844609188e-11 -6.544900254682999e-12 8.507191982038473e-05 1.935409498146558e-05
4.509880024889998e+01        D36 4.552007650225349e-11 -6.544900254682999e-12 9.027333284665381e-05 1.935409498146558e-05
4.509880024889998e+01   MBT1S10H 4.552007650225349e-11 -6.544900254682999e-12 9.027333284665381e-05 1.935409498146558e-05
4.529489024890012e+01        D37 4.423668701148336e-11 -6.544900254682999e-12 9.406847733157212e-05 1.935409498146558e-05
4.529489024890012e+01   MBT1S10V 4.423668701148336e-11 -6.544900254682999e-12 9.406847733157212e-05 1.935409498146558e-05
6.016205624890011e+01        D38 -5.306743152836611e-11 -6.544900254682999e-12 3.818090202007878e-04 1.935409498146558e-05
6.016205624890011e+01   MAZ1E01H -5.306743152836611e-11 -6.544900254682999e-12 3.818090202007878e-04 1.935409498146558e-05
6.045415624890012e+01        D39 -5.497919689251166e-11 -6.544900254682999e-12 3.874623513448740e-04 1.935409498146558e-05
6.045415624890012e+01   MAZ1E01V -5.497919689251166e-11 -6.544900254682999e-12 3.874623513448740e-04 1.935409498146558e-05
6.093046624890007e+01        D40 -5.809659833307715e-11 -6.544900254682999e-12 3.966809003254950e-04 1.935409498146558e-05
6.093046624890007e+01    IPM1E01 -5.809659833307715e-11 -6.544900254682999e-12 3.966809003254950e-04 1.935409498146558e-05
6.123005424890008e+01        D41 -6.005737191053598e-11 -6.544900254682999e-12 4.024791549328024e-04 1.935409498146558e-05
6.138005424890008e+01    MQB1E01 -6.136321070361768e-11 -1.088199870366785e-11 4.032655524035518e-04 -8.877941348857711e-06
6.164880424890009e+01        D42 -6.428774785531956e-11 -1.088199870366785e-11 4.008796056660462e-04 -8.877941348857711e-06
6.164880424890009e+01   MBT1E01H -6.428774785531956e-11 -1.088199870366785e-11 4.008796056660462e-04 -8.877941348857711e-06
6.184489424890012e+01        D43 -6.642159898102308e-11 -1.088199870366785e-11 3.991387301469484e-04 -8.877941348857711e-06
6.184489424890012e+01   MBT1E01V -6.642159898102308e-11 -1.088199870366785e-11 3.991387301469484e-04 -8.877941348857711e-06
6.220869424890020e+01        D44 -7.038047010926627e-11 -1.088199870366785e-11 3.959089350842333e-04 -8.877941348857711e-06
6.220869424890020e+01    IHA1E01 -7.038047010926627e-11 -1.088199870366785e-11 3.959089350842333e-04 -8.877941348857711e-06
6.283065424890021e+01        D45 -7.714863802304534e-11 -1.088199870366785e-11 3.903872106828977e-04 -8.877941348857711e-06
6.333072272611611e+01    MBW1E01 4.922992279286033e-11 7.243983248498210e-10 3.859557782971240e-04 -9.479839359856378e-06
6.908308572611598e+01        D46 4.216232043920647e-09 7.243983248498210e-10 3.314243011175437e-04 -9.479839359856378e-06
7.008322268054798e+01    MBX1E02 3.936738603034511e-09 -2.144287940934183e-09 3.214191751886012e-04 -1.051185567451988e-05
7.583558568054798e+01        D47 -8.397984009741875e-09 -2.144287940934183e-09 2.609511655451530e-04 -1.051185567451988e-05
7.633565415776388e+01    MBW1E03 -9.346832426651374e-09 -1.316434617786036e-09 2.554855057642091e-04 -1.091916131339920e-05
7.748540525776389e+01        D48 -1.086040457652868e-08 -1.316434617786036e-09 2.429311880330509e-04 -1.091916131339920e-05
7.748540525776389e+01    IPM1E02 -1.086040457652868e-08 -1.316434617786036e-09 2.429311880330509e-04 -1.091916131339920e-05
7.778505525776390e+01        D49 -1.125487420974852e-08 -1.316434617786036e-09 2.396592613454906e-04 -1.091916131339920e-05
7.793505525776391e+01    MQB1E02 -1.139741389975538e-08 -5.825619327889448e-10 2.391827723736775e-04 4.560820136897222e-06
7.820380525776392e+01        D50 -1.155397741919216e-08 -5.825619327889448e-10 2.404084927854687e-04 4.560820136897222e-06
7.820380525776392e+01   MBT1E02H -1.155397741919216e-08 -5.825619327889448e-10 2.404084927854687e-04 4.560820136897222e-06
7.839989525776400e+01        D51 -1.166821198859337e-08 -5.825619327889448e-10 2.413028240061133e-04 4.560820136897222e-06
7.839989525776400e+01   MBT1E02V -1.166821198859337e-08 -5.825619327889448e-10 2.413028240061133e-04 4.560820136897222e-06
9.403540125776399e+01        D52 -2.077686258408586e-08 -5.825619327889448e-10 3.126135546214906e-04 4.560820136897222e-06
9.403540125776399e+01    IPM1E03 -2.077686258408586e-08 -5.825619327889448e-10 3.126135546214906e-04 4.560820136897222e-06
9.433505125776384e+01        D53 -2.095142726724631e-08 -5.825619327889448e-10 3.139802043755111e-04 4.560820136897222e-06
9.448505125776384e+01    MQB1E03 -2.113679377990517e-08 -1.890919290132047e-09 3.131995123101699e-04 -1.496197760425922e-05
9.475380125776385e+01        D54 -2.164497833912802e-08 -1.890919290132047e-09 3.091784808290252e-04 -1.496197760425922e-05
9.475380125776385e+01   MBT1E03H -2.164497833912802e-08 -1.890919290132047e-09 3.091784808290252e-04 -1.496197760425922e-05
9.494989125776394e+01        D55 -2.201576870273012e-08 -1.890919290132047e-09 3.062445866406047e-04 -1.496197760425922e-05
9.494989125776394e+01   MBT1E03V -2.201576870273012e-08 -1.890919290132047e-09 3.062445866406047e-04 -1.496197760425922e-05
9.565144125776399e+01        D56 -2.334234313072217e-08 -1.890919290132047e-09 2.957480112523358e-04 -1.496197760425922e-05
9.565144125776399e+01    IHA1E03 -2.334234313072217e-08 -1.890919290132047e-09 2.957480112523358e-04 -1.496197760425922e-05
1.105854012577640e+02        D57 -5.158125617278246e-08 -1.890919290132047e-09 7.230643618943281e-05 -1.496197760425922e-05
1.105854012577640e+02    IPM1A01 -5.158125617278246e-08 -1.890919290132047e-09 7.230643618943281e-05 -1.496197760425922e-05
1.108850512577639e+02        D58 -5.214787013807024e-08 -1.890919290132047e-09 6.782307960031795e-05 -1.496197760425922e-05
1.110350512577639e+02    MQB1A01 -5.204529080709785e-08 3.256964163964251e-09 6.607582193893114e-05 -8.363664944694148e-06
1.113038012577640e+02        D59 -5.116998168803251e-08 3.256964163964251e-09 6.382808698504354e-05 -8.363664944694148e-06
1.113038012577640e+02   MBT1A01H -5.116998168803251e-08 3.256964163964251e-09 6.382808698504354e-05 -8.363664944694148e-06
1.114998912577640e+02        D60 -5.053132358512100e-08 3.256964163964251e-09 6.218805592603871e-05 -8.363664944694148e-06
1.114998912577640e+02   MBT1A01V -5.053132358512100e-08 3.256964163964251e-09 6.218805592603871e-05 -8.363664944694148e-06
1.120053512577640e+02        D61 -4.888505847880362e-08 3.256964163964251e-09 5.796055784309338e-05 -8.363664944694148e-06
1.120053512577640e+02    ITV1A01 -4.888505847880362e-08 3.256964163964251e-09 5.796055784309338e-05 -8.363664944694148e-06
1.137199712577640e+02        D62 -4.330060258398731e-08 3.256964163964251e-09 4.362005065562190e-05 -8.363664944694148e-06
1.138699712577640e+02    MQB1A02 -4.267743487603004e-08 5.047623159739180e-09 4.250044813338540e-05 -6.572151822605950e-06
1.165523912577640e+02        D63 -2.913758955988224e-08 5.047623159739180e-09 2.487117664139082e-05 -6.572151822605950e-06
1.175539994477640e+02    MJD1A01 -5.350207902752106e-08 -8.188063203193108e-08 1.793384332101227e-05 -7.161365501084750e-06
1.211438414477640e+02        D64 -3.474406108822913e-07 -8.188063203193108e-08 -7.774327332132669e-06 -7.161365501084750e-06
1.211438414477640e+02    SBC1A02 -3.474406108822913e-07 -8.188063203193108e-08 -7.774327332132669e-06 -7.161365501084750e-06
1.217358414477640e+02        D65 -3.959139450451976e-07 -8.188063203193108e-08 -1.201385570877513e-05 -7.161365501084750e-06
1.217358414477640e+02    SSS1A02 -3.959139450451976e-07 -8.188063203193108e-08 -1.201385570877513e-05 -7.161365501084750e-06
1.227691914477640e+02        D66 -4.805252961553916e-07 -8.188063203193108e-08 -1.941405274932092e-05 -7.161365501084750e-06
1.227691914477640e+02    IPM1A03 -4.805252961553916e-07 -8.188063203193108e-08 -1.941405274932092e-05 -7.161365501084750e-06
1.230688414477639e+02        D67 -5.050608275437526e-07 -8.188063203193108e-08 -2.155995592172029e-05 -7.161365501084750e-06
1.232188414477639e+02    MQB1A03 -5.238823823888714e-07 -1.696141003040000e-07 -2.236019872948345e-05 -3.486441784658938e-06
1.236830814477639e+02        D68 -6.026240323139934e-07 -1.696141003040000e-07 -2.397874446359338e-05 -3.486441784658938e-06
1.236830814477639e+02   MBT1A03V -6.026240323139934e-07 -1.696141003040000e-07 -2.397874446359338e-05 -3.486441784658938e-06
1.264260014477640e+02        D69 -1.067861940319865e-06 -1.696141003040000e-07 -3.354177536357057e-05 -3.486441784658938e-06
1.264260014477640e+02    IPM1A04 -1.067861940319865e-06 -1.696141003040000e-07 -3.354177536357057e-05 -3.486441784658938e-06
1.267256514477639e+02        D70 -1.118686805475942e-06 -1.696141003040000e-07 -3.458648764434329e-05 -3.486441784658938e-06
1.268756514477639e+02    MQL1A04 -1.115814329980530e-06 2.077560709559884e-07 -3.596974772464748e-05 -1.503403581458870e-05
1.271444014477639e+02        D71 -1.059979885911117e-06 2.077560709559884e-07 -4.001014484981751e-05 -1.503403581458870e-05
1.271444014477639e+02   MBT1A04H -1.059979885911117e-06 2.077560709559884e-07 -4.001014484981751e-05 -1.503403581458870e-05
1.278459514477639e+02        D72 -9.142286143319439e-07 2.077560709559884e-07 -5.055727267554217e-05 -1.503403581458870e-05
1.278459514477639e+02    ITV1A04 -9.142286143319439e-07 2.077560709559884e-07 -5.055727267554217e-05 -1.503403581458870e-05
1.300828204477639e+02        D73 -4.495054996486909e-07 2.077560709559884e-07 -8.418644133408554e-05 -1.503403581458870e-05
1.300828204477639e+02    IPM1A05 -4.495054996486909e-07 2.077560709559884e-07 -8.418644133408554e-05 -1.503403581458870e-05
1.303824704477639e+02        D74 -3.872513929867247e-07 2.077560709559884e-07 -8.869139016592734e-05 -1.503403581458870e-05
1.305324704477639e+02    MQB1A05 -3.598909840156370e-07 1.576639086393517e-07 -9.006915266048481e-05 -3.306237351539065e-06
1.309967104477639e+02        D75 -2.866970910689013e-07 1.576639086393517e-07 -9.160404028856335e-05 -3.306237351539065e-06
1.309967104477639e+02   MBT1A05V -2.866970910689013e-07 1.576639086393517e-07 -9.160404028856335e-05 -3.306237351539065e-06
1.360473102477639e+02        D76 5.096002143722266e-07 1.576639086393517e-07 -1.083025219949991e-04 -3.306237351539065e-06
1.370489184377639e+02    MJD1A02 6.347544950741487e-07 6.482264010071848e-08 -1.101239359653571e-04 -2.995385158960560e-07
1.422641104377639e+02        D77 9.728170091462951e-07 6.482264010071848e-08 -1.116860868371501e-04 -2.995385158960560e-07
1.422641104377639e+02    IPM1A06 9.728170091462951e-07 6.482264010071848e-08 -1.116860868371501e-04 -2.995385158960560e-07
1.425637604377639e+02        D78 9.922411132524721e-07 6.482264010071848e-08 -1.117758435534384e-04 -2.995385158960560e-07
1.427137604377639e+02    MQB1A06 9.919190281175053e-07 -6.911022700054106e-08 -1.129308867907897e-04 -1.512664867724396e-05
1.429825104377639e+02        D79 9.733456546111092e-07 -6.911022700054106e-08 -1.169961736227992e-04 -1.512664867724396e-05
1.429825104377639e+02   MBT1A06H 9.733456546111092e-07 -6.911022700054106e-08 -1.169961736227992e-04 -1.512664867724396e-05
1.482286114377639e+02        D80 6.107864236333433e-07 -6.911022700054106e-08 -1.963521003751377e-04 -1.512664867724396e-05
1.492302196277639e+02    MJD1A03 5.111469374424509e-07 -1.575873660186867e-07 -2.088169285143811e-04 -9.549403218365257e-06
1.544454116277639e+02        D81 -3.107014331192762e-07 -1.575873660186867e-07 -2.586188997835739e-04 -9.549403218365257e-06
1.544454116277639e+02    IPM1A07 -3.107014331192762e-07 -1.575873660186867e-07 -2.586188997835739e-04 -9.549403218365257e-06
1.547450616277639e+02        D82 -3.579224873467702e-07 -1.575873660186867e-07 -2.614803784579567e-04 -9.549403218365257e-06
1.548950616277639e+02    MQB1A07 -3.854768755635974e-07 -2.104628135789883e-07 -2.601784657216997e-04 2.687818833181236e-05
1.553593016277639e+02        D83 -4.831821321395104e-07 -2.104628135789883e-07 -2.477005355705387e-04 2.687818833181236e-05
1.553593016277639e+02   MBT1A07V -4.831821321395104e-07 -2.104628135789883e-07 -2.477005355705387e-04 2.687818833181236e-05
1.581022196277639e+02        D84 -1.060464371835957e-06 -2.104628135789883e-07 -1.739758689878214e-04 2.687818833181236e-05
1.581022196277639e+02    IPM1A08 -1.060464371835957e-06 -2.104628135789883e-07 -1.739758689878214e-04 2.687818833181236e-05
1.584018696277638e+02        D85 -1.123529553924881e-06 -2.104628135789883e-07 -1.659218198541964e-04 2.687818833181236e-05
1.585518696277638e+02    MQB1A08 -1.133821974462388e-06 7.365592818066977e-08 -1.649316509284409e-04 -1.363490599458173e-05
1.588206196277638e+02        D86 -1.114026943763833e-06 7.365592818066977e-08 -1.685960319144849e-04 -1.363490599458173e-05
1.588206196277638e+02   MBT1A08H -1.114026943763833e-06 7.365592818066977e-08 -1.685960319144849e-04 -1.363490599458173e-05
1.617590383277638e+02        D87 -8.975949870318917e-07 7.365592818066977e-08 -2.086610946617068e-04 -1.363490599458173e-05
1.617590383277638e+02    IPM1A09 -8.975949870318917e-07 7.365592818066977e-08 -2.086610946617068e-04 -1.363490599458173e-05
1.620586883277637e+02        D88 -8.755239881525609e-07 7.365592818066977e-08 -2.127467942429819e-04 -1.363490599458173e-05
1.622086883277638e+02    MQB1A09 -8.723514920990206e-07 -3.129219202286028e-08 -2.129107155747883e-04 1.145248588776837e-05
1.626729283277638e+02        D89 -8.868785793237138e-07 -3.129219202286028e-08 -2.075940135262505e-04 1.145248588776837e-05
1.626729283277638e+02   MBT1A09V -8.868785793237138e-07 -3.129219202286028e-08 -2.075940135262505e-04 1.145248588776837e-05
1.677235443277638e+02        D90 -1.044923425029445e-06 -3.129219202286028e-08 -1.497519050617127e-04 1.145248588776837e-05
1.687251525177638e+02    MJD1A04 -1.096466330409563e-06 -1.015033568765128e-07 -1.361934485192580e-04 1.538858136640373e-05
1.711079245177638e+02        D91 -1.338325687080918e-06 -1.015033568765128e-07 -9.952596771967056e-05 1.538858136640373e-05
1.711079245177638e+02    IPM1A10 -1.338325687080918e-06 -1.015033568765128e-07 -9.952596771967056e-05 1.538858136640373e-05
1.739403445177638e+02        D92 -1.625825825165098e-06 -1.015033568765128e-07 -5.593904208584023e-05 1.538858136640373e-05
1.739403445177638e+02    IPM1A11 -1.625825825165098e-06 -1.015033568765128e-07 -5.593904208584023e-05 1.538858136640373e-05
1.742399945177638e+02        D93 -1.656241306053147e-06 -1.015033568765128e-07 -5.132785367939705e-05 1.538858136640373e-05
1.743899945177639e+02    MQB1A11 -1.647656038745027e-06 2.157028565699757e-07 -4.973135311412795e-05 5.948377239984651e-06
1.746587445177638e+02        D94 -1.589685896041856e-06 2.157028565699757e-07 -4.813272673088234e-05 5.948377239984651e-06
1.746587445177638e+02   MBT1A11H -1.589685896041856e-06 2.157028565699757e-07 -4.813272673088234e-05 5.948377239984651e-06
1.799048405177637e+02        D95 -4.580880030015499e-07 2.157028565699757e-07 -1.692696868570830e-05 5.948377239984651e-06
1.809064487077637e+02    MJD1A05 -2.703617521494014e-07 1.340275682575534e-07 -1.072518540098997e-05 6.329012903386056e-06
1.861216407077637e+02        D96 4.286177496068451e-07 1.340275682575534e-07 2.228183206064576e-05 6.329012903386056e-06
1.861216407077637e+02    IPM1A13 4.286177496068451e-07 1.340275682575534e-07 2.228183206064576e-05 6.329012903386056e-06
1.864212907077637e+02        D97 4.687791104352235e-07 1.340275682575534e-07 2.417832077714552e-05 6.329012903386056e-06
1.865712907077638e+02    MQB1A13 4.938845279152840e-07 2.013037501425128e-07 2.487478315645059e-05 2.941251314364897e-06
1.870355307077638e+02        D98 5.873377808814474e-07 2.013037501425128e-07 2.624022966663140e-05 2.941251314364897e-06
1.870355307077638e+02   MBT1A13V 5.873377808814474e-07 2.013037501425128e-07 2.624022966663140e-05 2.941251314364897e-06
1.897784507077638e+02        D99 1.139497863222355e-06 2.013037501425128e-07 3.430784672182925e-05 2.941251314364897e-06
1.897784507077638e+02    IPM1A14 1.139497863222355e-06 2.013037501425128e-07 3.430784672182925e-05 2.941251314364897e-06
1.900781007077638e+02       D100 1.199818531952563e-06 2.013037501425128e-07 3.518919267817876e-05 2.941251314364897e-06
1.902281007077638e+02    MQB1A14 1.210232358370743e-06 -6.282995258490453e-08 3.620117248983435e-05 1.058842552498588e-05
1.904968507077638e+02       D101 1.193346808613554e-06 -6.282995258490453e-08 3.904681184967383e-05 1.058842552498588e-05
1.904968507077638e+02   MBT1A14H 1.193346808613554e-06 -6.282995258490453e-08 3.904681184967383e-05 1.058842552498588e-05
1.937348987077638e+02       D102 9.899004063059066e-07 -6.282995258490453e-08 7.333264194400363e-05 1.058842552498588e-05
1.938848987077638e+02    MQB1A15 9.900436950699097e-07 6.474494597017398e-08 7.422029125758942e-05 1.228271564787831e-06
1.943491387077638e+02       D103 1.020100888787104e-06 6.474494597017398e-08 7.479050404882654e-05 1.228271564787831e-06
1.943491387077638e+02   MBT1A15V 1.020100888787104e-06 6.474494597017398e-08 7.479050404882654e-05 1.228271564787831e-06
1.993997487077638e+02       D104 1.347102360353521e-06 6.474494597017398e-08 8.099402469665956e-05 1.228271564787831e-06
2.004013568977638e+02    MJD1A06 1.378143062544805e-06 -3.149250074979736e-08 8.110776564438179e-05 -1.003098022116935e-06
2.056165488977638e+02       D105 1.213903624574468e-06 -3.149250074979736e-08 7.587641686422173e-05 -1.003098022116935e-06
2.056165488977638e+02    IPM1A16 1.213903624574468e-06 -3.149250074979736e-08 7.587641686422173e-05 -1.003098022116935e-06
2.059161988977638e+02       D106 1.204466896724790e-06 -3.149250074979736e-08 7.557583854189436e-05 -1.003098022116935e-06
2.060661988977638e+02    MQB1A16 1.191974270208143e-06 -1.348972164105335e-07 7.590428109708182e-05 5.386974247121878e-06
2.065304388977638e+02       D107 1.129349586461714e-06 -1.348972164105335e-07 7.840513002156579e-05 5.386974247121878e-06
2.065304388977638e+02   MBT1A16H 1.129349586461714e-06 -1.348972164105335e-07 7.840513002156579e-05 5.386974247121878e-06
2.115810488977638e+02       D108 4.480363562865152e-07 -1.348972164105335e-07 1.056126360238218e-04 5.386974247121878e-06
2.125826570877638e+02    MJD1A07 2.818216405392852e-07 -2.257063012050129e-07 1.095588083451772e-04 2.425089420140533e-06
2.180975090877638e+02       D109 -9.629152060737832e-07 -2.257063012050129e-07 1.229328175840180e-04 2.425089420140533e-06
2.182475090877638e+02    MQB1A17 -1.008847826728218e-06 -3.880015351078385e-07 1.218086017186824e-04 -1.738459527408814e-05
2.187117490877638e+02       D110 -1.188973659386688e-06 -3.880015351078385e-07 1.137379772086395e-04 -1.738459527408814e-05
2.187117490877638e+02   MBT1A17V -1.188973659386688e-06 -3.880015351078385e-07 1.137379772086395e-04 -1.738459527408814e-05
2.214546790877638e+02       D111 -2.253234710080032e-06 -3.880015351078385e-07 6.605324929348489e-05 -1.738459527408814e-05
2.214546790877638e+02    IPM1A18 -2.253234710080032e-06 -3.880015351078385e-07 6.605324929348489e-05 -1.738459527408814e-05
2.217543290877638e+02       D112 -2.369499370075104e-06 -3.880015351078385e-07 6.084395531960403e-05 -1.738459527408814e-05
2.219043290877638e+02    MQB1A18 -2.391308925978773e-06 9.794090651964954e-08 5.913566791797301e-05 -5.449909156306779e-06
2.221730790877638e+02       D113 -2.364987307351624e-06 9.794090651964954e-08 5.767100483221582e-05 -5.449909156306779e-06
2.221730790877638e+02   MBT1A18H -2.364987307351624e-06 9.794090651964954e-08 5.767100483221582e-05 -5.449909156306779e-06
2.251114839877638e+02       D114 -2.077197267723842e-06 9.794090651964954e-08 4.165696506276899e-05 -5.449909156306779e-06
2.251114839877638e+02    IPM1A19 -2.077197267723842e-06 9.794090651964954e-08 4.165696506276899e-05 -5.449909156306779e-06
2.254111339877638e+02       D115 -2.047849275085226e-06 9.794090651964954e-08 4.002389978408157e-05 -5.449909156306779e-06
2.255611339877638e+02    MQB1A19 -2.047280492635531e-06 -9.034876609395560e-08 3.893797227016864e-05 -9.012879534611940e-06
2.260253739877638e+02       D116 -2.089224003806993e-06 -9.034876609395560e-08 3.475383307502023e-05 -9.012879534611940e-06
2.260253739877638e+02   MBT1A19V -2.089224003806993e-06 -9.034876609395560e-08 3.475383307502023e-05 -9.012879534611940e-06
2.310759737877638e+02       D117 -2.545539463771368e-06 -9.034876609395560e-08 -1.076661449991439e-05 -9.012879534611940e-06
2.320775819777638e+02    MJD1A08 -2.647587059260396e-06 -1.479653150235425e-07 -1.966054711401042e-05 -8.594040621925289e-06
2.372927639777638e+02       D118 -3.419253106795511e-06 -1.479653150235425e-07 -6.448003307274424e-05 -8.594040621925289e-06
2.372927639777638e+02    IPM1A21 -3.419253106795511e-06 -1.479653150235425e-07 -6.448003307274424e-05 -8.594040621925289e-06
2.375924139777638e+02       D119 -3.463590913442317e-06 -1.479653150235425e-07 -6.705523734510433e-05 -8.594040621925289e-06
2.377424139777638e+02    MQB1A21 -3.461911541606640e-06 1.703319058454799e-07 -6.879948221365203e-05 -1.468878424523279e-05
2.380111639777638e+02       D120 -3.416134841910676e-06 1.703319058454799e-07 -7.274709297955767e-05 -1.468878424523279e-05
2.380111639777638e+02   MBT1A21H -3.416134841910676e-06 1.703319058454799e-07 -7.274709297955767e-05 -1.468878424523279e-05
2.387127139777638e+02       D121 -3.296638493364782e-06 1.703319058454799e-07 -8.305200956680070e-05 -1.468878424523279e-05
2.387127139777638e+02    ITV1A21 -3.296638493364782e-06 1.703319058454799e-07 -8.305200956680070e-05 -1.468878424523279e-05
2.388489979777638e+02       D122 -3.273424979908529e-06 1.703319058454799e-07 -8.505385583887868e-05 -1.468878424523279e-05
2.388489979777638e+02    IHA1A21 -3.273424979908529e-06 1.703319058454799e-07 -8.505385583887868e-05 -1.468878424523279e-05
2.442588329732222e+02       D123 -2.351957474822530e-06 1.703319058454799e-07 -1.645177548894766e-04 -1.468878424523279e-05
2.442588329732222e+02    ISR1A21 -2.351957474822530e-06 1.703319058454799e-07 -1.645177548894766e-04 -1.468878424523279e-05
2.432572347832221e+02       D124 -2.522561603416620e-06 1.703319058454799e-07 -1.498054951761504e-04 -1.468878424523279e-05
2.442588429732222e+02    MJD1A09 -2.372564392120315e-06 1.086205059762124e-07 -1.624738462736775e-04 -1.039018876598018e-05
2.494740741677638e+02       D125 -1.806083340986278e-06 1.086205059762124e-07 -2.166610828431933e-04 -1.039018876598018e-05
2.494740741677638e+02    IPM1A23 -1.806083340986278e-06 1.086205059762124e-07 -2.166610828431933e-04 -1.039018876598018e-05
2.497737241677638e+02       D126 -1.773535206370504e-06 1.086205059762124e-07 -2.197745029069195e-04 -1.039018876598018e-05
2.499237241677638e+02    MQB1A23 -1.769504050890515e-06 -5.481072370905102e-08 -2.198453458955428e-04 9.446675346826709e-06
2.503879641677638e+02       D127 -1.794949381265205e-06 -5.481072370905102e-08 -2.154598213325319e-04 9.446675346826709e-06
2.503879641677638e+02   MBT1A23V -1.794949381265205e-06 -5.481072370905102e-08 -2.154598213325319e-04 9.446675346826709e-06
2.531308841677638e+02       D128 -1.945290811541238e-06 -5.481072370905102e-08 -1.895483465902137e-04 9.446675346826709e-06
2.531308841677638e+02    IPM1A24 -1.945290811541238e-06 -5.481072370905102e-08 -1.895483465902137e-04 9.446675346826709e-06
2.534305341677639e+02       D129 -1.961714844900656e-06 -5.481072370905102e-08 -1.867176503225369e-04 9.446675346826709e-06
2.535805341677639e+02    MQB1A24 -1.939878475924703e-06 3.452279711352781e-07 -1.880934466411262e-04 -2.783680522788659e-05
2.538492841677638e+02       D130 -1.847098458682110e-06 3.452279711352781e-07 -1.955745880461195e-04 -2.783680522788659e-05
2.538492841677638e+02   MBT1A24H -1.847098458682110e-06 3.452279711352781e-07 -1.955745880461195e-04 -2.783680522788659e-05
2.570873497677638e+02       D131 -7.292276411911744e-07 3.452279711352781e-07 -2.857119894684392e-04 -2.783680522788659e-05
2.572373497677638e+02    MQB1A25 -6.863417454878783e-07 2.277741657691894e-07 -2.864157612120282e-04 1.847198670168780e-05
2.577015897677638e+02       D132 -5.805998667711852e-07 2.277741657691894e-07 -2.778403261056363e-04 1.847198670168780e-05
2.577015897677638e+02   MBT1A25V -5.805998667711852e-07 2.277741657691894e-07 -2.778403261056363e-04 1.847198670168780e-05
2.627521997677638e+02       D133 5.697986126043308e-07 2.277741657691894e-07 -1.845455253502256e-04 1.847198670168780e-05
2.637538079577638e+02    MJD1A10 7.666984337928594e-07 1.396009189576208e-07 -1.634638574059698e-04 2.326241583967454e-05
2.689689999577638e+02       D134 1.494744029533292e-06 1.396009189576208e-07 -4.214589241822589e-05 2.326241583967454e-05
2.689689999577638e+02    IPM1A26 1.494744029533292e-06 1.396009189576208e-07 -4.214589241822589e-05 2.326241583967454e-05
2.692686499577638e+02       D135 1.536575444898945e-06 1.396009189576208e-07 -3.517530951186695e-05 2.326241583967454e-05
2.694186499577638e+02    MQB1A26 1.547591486204214e-06 7.121698142714804e-09 -3.190163640691507e-05 2.043282865548707e-05
2.698828899577638e+02       D136 1.550897663349988e-06 7.121698142714804e-09 -2.241590003189138e-05 2.043282865548707e-05
2.698828899577638e+02   MBT1A26H 1.550897663349988e-06 7.121698142714804e-09 -2.241590003189138e-05 2.043282865548707e-05
2.749334897577638e+02       D137 1.586866510565243e-06 7.121698142714804e-09 8.078214028894465e-05 2.043282865548707e-05
2.759350979477638e+02    MJD1A11 1.557242219433168e-06 -9.400071163513924e-08 1.001667801418465e-04 1.794202658042319e-05
2.814499499477638e+02       D138 1.038842206870697e-06 -9.400071163513924e-08 1.991144013129465e-04 1.794202658042319e-05
2.815999499477638e+02    MQB1A27 1.034761046088344e-06 3.949710596882237e-08 1.999085280691971e-04 -7.370334369457511e-06
2.820641899477638e+02       D139 1.053097182563310e-06 3.949710596882237e-08 1.964869240415201e-04 -7.370334369457511e-06
2.820641899477638e+02   MBT1A27V 1.053097182563310e-06 3.949710596882237e-08 1.964869240415201e-04 -7.370334369457511e-06
2.848071199477638e+02       D140 1.161434979438374e-06 3.949710596882237e-08 1.762706127895040e-04 -7.370334369457511e-06
2.848071199477638e+02    IPM1A28 1.161434979438374e-06 3.949710596882237e-08 1.762706127895040e-04 -7.370334369457511e-06
2.851067699477638e+02       D141 1.173270287241931e-06 3.949710596882237e-08 1.740620920956959e-04 -7.370334369457511e-06
2.852567699477638e+02    MQB1A28 1.159969276119776e-06 -2.163643757146427e-07 1.757623538166418e-04 3.010200491548798e-05
2.855249079777639e+02       D142 1.101953758653462e-06 -2.163643757146427e-07 1.838338461137325e-04 3.010200491548798e-05
2.855249079777639e+02   MBT1A28H 1.101953758653462e-06 -2.163643757146427e-07 1.838338461137325e-04 3.010200491548798e-05
2.884639279777639e+02       D143 4.660545311406069e-07 -2.163643757146427e-07 2.723042406004508e-04 3.010200491548798e-05
2.884639279777639e+02    IPM1A29 4.660545311406069e-07 -2.163643757146427e-07 2.723042406004508e-04 3.010200491548798e-05
2.887635779777639e+02       D144 4.012209459577098e-07 -2.163643757146427e-07 2.813243063733774e-04 3.010200491548798e-05
2.889135779777639e+02    MQB1A29 3.677994470766873e-07 -2.290721418430501e-07 2.865274483953108e-04 3.930137487326381e-05
2.944284179777639e+02       D145 -8.954967636450416e-07 -2.290721418430501e-07 5.032682426013813e-04 3.930137487326381e-05
2.954300261677639e+02    MJD1A12 -1.144647888202108e-06 -3.025223748854211e-07 5.357488741006074e-04 2.499906492940841e-05
2.987266881677639e+02       D146 -2.141961905636622e-06 -3.025223748854211e-07 6.181623414889199e-04 2.499906492940841e-05
2.987266881677639e+02   MBT1A30V -2.141961905636622e-06 -3.025223748854211e-07 6.181623414889199e-04 2.499906492940841e-05
3.006452181677639e+02       D147 -2.722360157525558e-06 -3.025223748854211e-07 6.661237975279386e-04 2.499906492940841e-05
3.006452181677639e+02    IPM1A31 -2.722360157525558e-06 -3.025223748854211e-07 6.661237975279386e-04 2.499906492940841e-05
3.009448681677640e+02       D148 -2.813010987159978e-06 -3.025223748854211e-07 6.736147673340363e-04 2.499906492940841e-05
3.010948681677639e+02    MQB1A31 -2.818021829996345e-06 2.358703678932469e-07 6.868647831610505e-04 1.520851449809589e-04
3.013636181677639e+02       D149 -2.754631668625045e-06 2.358703678932469e-07 7.277376658746764e-04 1.520851449809589e-04
3.013636181677639e+02   MBT1A31H -2.754631668625045e-06 2.358703678932469e-07 7.277376658746764e-04 1.520851449809589e-04
3.020651681677639e+02       D150 -2.589156812029539e-06 2.358703678932469e-07 8.344329993360676e-04 1.520851449809589e-04
3.020651681677639e+02    ITV1A31 -2.589156812029539e-06 2.358703678932469e-07 8.344329993360676e-04 1.520851449809589e-04
3.066097141677638e+02       D151 -1.517233075101776e-06 2.358703678932469e-07 1.525590936618692e-03 1.520851449809589e-04
3.076113223577638e+02    MJD1A13 -1.307341404922709e-06 1.590908499207595e-07 1.657108626885653e-03 1.082745405829697e-04
3.128265263577638e+02       D152 -4.776501680525703e-07 1.590908499207595e-07 2.221782444032116e-03 1.082745405829697e-04
3.128265263577638e+02    IPM1A33 -4.776501680525703e-07 1.590908499207595e-07 2.221782444032116e-03 1.082745405829697e-04
3.131261763577638e+02       D153 -4.299785948738116e-07 1.590908499207595e-07 2.254226910117805e-03 1.082745405829697e-04
3.132761763577638e+02    MQB1A33 -4.099718183397567e-07 1.080654366212570e-07 2.250550020499186e-03 -1.572280107749129e-04
3.137404163577638e+02       D154 -3.598035200427025e-07 1.080654366212570e-07 2.177558488777038e-03 -1.572280107749129e-04
3.137404163577638e+02   MBT1A33V -3.598035200427025e-07 1.080654366212570e-07 2.177558488777038e-03 -1.572280107749129e-04
3.164833483577638e+02       D155 -6.338737584028442e-08 1.080654366212570e-07 1.746292746726184e-03 -1.572280107749129e-04
3.164833483577638e+02    IPM1A34 -6.338737584028442e-08 1.080654366212570e-07 1.746292746726184e-03 -1.572280107749129e-04
3.167829983577639e+02       D156 -3.100556775672276e-08 1.080654366212570e-07 1.699179373297478e-03 -1.572280107749129e-04
3.169329983577638e+02    MQB1A34 -1.411363113086478e-08 1.164641055311487e-07 1.706851543834356e-03 2.598415398581103e-04
3.172017483577638e+02       D157 1.718609723062593e-08 1.164641055311487e-07 1.776683957671211e-03 2.598415398581103e-04
3.172017483577638e+02   MBT1A34H 1.718609723062593e-08 1.164641055311487e-07 1.776683957671211e-03 2.598415398581103e-04
3.204398070577638e+02       D158 3.943037073834795e-07 1.164641055311487e-07 2.618066116430159e-03 2.598415398581103e-04
3.205898070577638e+02    MQB1A35 4.159767524895857e-07 1.730296233746123e-07 2.629578922177154e-03 -1.066031985000164e-04
3.210540470577638e+02       D159 4.963040248450189e-07 1.730296233746123e-07 2.580089453305504e-03 -1.066031985000164e-04
3.210540470577638e+02   MBT1A35V 4.963040248450189e-07 1.730296233746123e-07 2.580089453305504e-03 -1.066031985000164e-04
3.261046450577638e+02       D160 1.370207094601586e-06 1.730296233746123e-07 2.041679552167720e-03 -1.066031985000164e-04
3.271062532477638e+02    MJD1A14 1.507267250502014e-06 7.278578522022286e-08 1.906527411812511e-03 -1.609511713206614e-04
3.323214572477638e+02       D161 1.886859968725660e-06 7.278578522022286e-08 1.067134219336317e-03 -1.609511713206614e-04
3.323214572477638e+02    IPM1A36 1.886859968725660e-06 7.278578522022286e-08 1.067134219336317e-03 -1.609511713206614e-04
3.326211072477638e+02       D162 1.908670229266900e-06 7.278578522022286e-08 1.018905200850078e-03 -1.609511713206614e-04
3.327711072477638e+02    MQB1A36 1.900335253576800e-06 -1.837341154043627e-07 1.004800939679879e-03 -2.741837879010848e-05
3.330398572477637e+02       D163 1.850956710061886e-06 -1.837341154043627e-07 9.974322503800385e-04 -2.741837879010848e-05
3.330398572477637e+02   MBT1A36H 1.850956710061886e-06 -1.837341154043627e-07 9.974322503800385e-04 -2.741837879010848e-05
3.382859519477636e+02       D164 8.870701410298861e-07 -1.837341154043627e-07 8.535928387266605e-04 -2.741837879010848e-05
3.392875601377636e+02    MJD1A15 6.694766875106204e-07 -2.800180303337418e-07 8.142952466061067e-04 -5.037724073670233e-05
3.448024019377636e+02       D165 -8.747784509275613e-07 -2.800180303337418e-07 5.364727336226789e-04 -5.037724073670233e-05
3.449524019377636e+02    MQB1A37 -9.256692620138759e-07 -3.996639191464427e-07 5.236788935213095e-04 -1.199297052373942e-04
3.454166419377636e+02       D166 -1.111209239838427e-06 -3.996639191464427e-07 4.680027271618995e-04 -1.199297052373942e-04
3.454166419377636e+02   MBT1A37V -1.111209239838427e-06 -3.996639191464427e-07 4.680027271618995e-04 -1.199297052373942e-04
3.481595719377636e+02       D167 -2.207459393582779e-06 -3.996639191464427e-07 1.390439407750938e-04 -1.199297052373942e-04
3.481595719377636e+02    IPM1A38 -2.207459393582779e-06 -3.996639191464427e-07 1.390439407750938e-04 -1.199297052373942e-04
3.484592219377637e+02       D168 -2.327218686955019e-06 -3.996639191464427e-07 1.031070046007062e-04 -1.199297052373942e-04
3.486092219377637e+02    MQL1A38 -2.328578799672069e-06 3.816056898737441e-07 8.752257221418628e-05 -8.873035522155000e-05
3.488779719377636e+02       D169 -2.226022270518518e-06 3.816056898737441e-07 6.367628924839870e-05 -8.873035522155000e-05
3.488779719377636e+02   MBT1A38H -2.226022270518518e-06 3.816056898737441e-07 6.367628924839870e-05 -8.873035522155000e-05
3.518163801377636e+02       D170 -1.104708982226839e-06 3.816056898737441e-07 -1.970497141235193e-04 -8.873035522155000e-05
3.518163801377636e+02    IPM1A39 -1.104708982226839e-06 3.816056898737441e-07 -1.970497141235193e-04 -8.873035522155000e-05
3.521160301377637e+02       D171 -9.903608372561646e-07 3.816056898737441e-07 -2.236377650656585e-04 -8.873035522155000e-05
3.522660301377637e+02    MQB1A39 -9.455338088972962e-07 2.173653403471484e-07 -2.340964918397468e-04 -5.043054187464538e-05
3.577808803377636e+02       D172 2.532034817892229e-07 2.173653403471484e-07 -5.122133757832387e-04 -5.043054187464538e-05
3.587824885277636e+02    MJD1A16 4.399819651042222e-07 1.275185480637042e-07 -5.557363868581973e-04 -3.572996507737757e-05
3.614649015277636e+02       D173 7.820393761714234e-07 1.275185480637042e-07 -6.515789096712999e-04 -3.572996507737757e-05
3.616149015277635e+02    MQB1A40 7.954328132206459e-07 5.084415099411575e-08 -6.616703547196309e-04 -9.898561640691359e-05
3.620791415277636e+02       D174 8.190367018781551e-07 5.084415099411575e-08 -7.076234372803781e-04 -9.898561640691359e-05
3.620791415277636e+02   MBT1A40V 8.190367018781551e-07 5.084415099411575e-08 -7.076234372803781e-04 -9.898561640691359e-05
3.640001515277636e+02       D175 9.167088243793622e-07 5.084415099411575e-08 -8.977757962542252e-04 -9.898561640691359e-05
3.640001515277636e+02    IPM1R01 9.167088243793622e-07 5.084415099411575e-08 -8.977757962542252e-04 -9.898561640691359e-05
3.642998015277636e+02       D176 9.319442742247504e-07 5.084415099411575e-08 -9.274368362105588e-04 -9.898561640691359e-05
3.644498015277636e+02    MQB1R01 9.261285691439083e-07 -1.282034679520894e-07 -9.556590965854530e-04 -2.782171082296646e-04
3.647185515277636e+02       D177 8.916738871317907e-07 -1.282034679520894e-07 -1.030429944422163e-03 -2.782171082296646e-04
3.647185515277636e+02   MBT1R01H 8.916738871317907e-07 -1.282034679520894e-07 -1.030429944422163e-03 -2.782171082296646e-04
3.654201015277636e+02       D178 8.017327441900028e-07 -1.282034679520894e-07 -1.225613156700683e-03 -2.782171082296646e-04
3.654201015277636e+02    ITV1R01 8.017327441900028e-07 -1.282034679520894e-07 -1.225613156700683e-03 -2.782171082296646e-04
3.700001515277636e+02       D179 2.145544507960317e-07 -1.282034679520894e-07 -2.499861423247967e-03 -2.782171082296646e-04
3.700001515277636e+02    IPM1R02 2.145544507960317e-07 -1.282034679520894e-07 -2.499861423247967e-03 -2.782171082296646e-04
3.702998015277636e+02       D180 1.761382816241856e-07 -1.282034679520894e-07 -2.583229179728992e-03 -2.782171082296646e-04
3.704498015277636e+02    MQL1R02 1.603341784172722e-07 -8.322373297288177e-08 -2.573766000710545e-03 4.039820892533678e-04
3.709140415277636e+02       D181 1.216983926219402e-07 -8.322373297288177e-08 -2.386221355595554e-03 4.039820892533678e-04
3.709140415277636e+02   MBT1R02V 1.216983926219402e-07 -8.322373297288177e-08 -2.386221355595554e-03 4.039820892533678e-04
3.745805715277636e+02       D182 -1.834439210351177e-07 -8.322373297288177e-08 -9.050089058854161e-04 4.039820892533678e-04
3.745805715277636e+02    IDA1R02 -1.834439210351177e-07 -8.322373297288177e-08 -9.050089058854161e-04 4.039820892533678e-04
3.760001515277636e+02       D183 -3.015866678887609e-07 -8.322373297288177e-08 -3.315240116231202e-04 4.039820892533678e-04
3.760001515277636e+02    IPM1R03 -3.015866678887609e-07 -8.322373297288177e-08 -3.315240116231202e-04 4.039820892533678e-04
3.762998015277636e+02       D184 -3.265246594740864e-07 -8.322373297288177e-08 -2.104707785783405e-04 4.039820892533678e-04
3.764498015277636e+02    MQL1R03 -3.304421114421364e-07 3.122029754652045e-08 -1.548996753302615e-04 3.402668868312748e-04
3.767185515277636e+02       D185 -3.220516564765113e-07 3.122029754652045e-08 -6.345294949437168e-05 3.402668868312748e-04
3.767185515277636e+02   MBT1R03H -3.220516564765113e-07 3.122029754652045e-08 -6.345294949437168e-05 3.402668868312748e-04
3.820001515277636e+02       D186 -1.571585329548076e-07 3.122029754652045e-08 1.733700639993700e-03 3.402668868312748e-04
3.820001515277636e+02    IPM1R04 -1.571585329548076e-07 3.122029754652045e-08 1.733700639993700e-03 3.402668868312748e-04
3.822998015277636e+02       D187 -1.478033707949921e-07 3.122029754652045e-08 1.835661612632699e-03 3.402668868312748e-04
3.824498015277636e+02    MQL1R04 -1.459425491616250e-07 -6.339878491274441e-09 1.851916877884268e-03 -1.242023118022742e-04
3.829140415277636e+02       D188 -1.488857743524143e-07 -6.339878491274441e-09 1.794257196653178e-03 -1.242023118022742e-04
3.829140415277636e+02   MBT1R04V -1.488857743524143e-07 -6.339878491274441e-09 1.794257196653178e-03 -1.242023118022742e-04
3.834195015277636e+02       D189 -1.520903293346135e-07 -6.339878491274441e-09 1.731477896129604e-03 -1.242023118022742e-04
3.834195015277636e+02    ITV1R04 -1.520903293346135e-07 -6.339878491274441e-09 1.731477896129604e-03 -1.242023118022742e-04
3.861093015277636e+02       D190 -1.691433345004440e-07 -6.339878491274441e-09 1.397398517843850e-03 -1.242023118022742e-04
3.862593015277636e+02    MQB1R05 -1.722289766838290e-07 -3.489466956627093e-08 1.362304172398496e-03 -3.428044277002755e-04
3.878096515277635e+02       D191 -2.263279276458971e-07 -3.489466956627093e-08 8.308373279133804e-04 -3.428044277002755e-04
3.878096515277635e+02    IPM1R06 -2.263279276458971e-07 -3.489466956627093e-08 8.308373279133804e-04 -3.428044277002755e-04
3.881093015277636e+02       D192 -2.367841153814305e-07 -3.489466956627093e-08 7.281159811529859e-04 -3.428044277002755e-04
3.882593015277636e+02    MQL1R06 -2.341868982009768e-07 6.934965123850538e-08 6.987146613431581e-04 -5.126729920345450e-05
3.885280515277635e+02       D193 -2.155491794306329e-07 6.934965123850538e-08 6.849365746822321e-04 -5.126729920345450e-05
3.885280515277635e+02   MBT1R06H -2.155491794306329e-07 6.934965123850538e-08 6.849365746822321e-04 -5.126729920345450e-05
3.901093015277635e+02       D194 -1.058900434097501e-07 6.934965123850538e-08 6.038701578167732e-04 -5.126729920345450e-05
3.902593015277635e+02    MQL1R07 -9.765758021181544e-08 4.078629172878896e-08 5.846814467775717e-04 -2.037739067533037e-04
3.907235415277635e+02       D195 -7.872295213964138e-08 4.078629172878896e-08 4.900814483064144e-04 -2.037739067533037e-04
3.907235415277635e+02   MBT1R07V -7.872295213964138e-08 4.078629172878896e-08 4.900814483064144e-04 -2.037739067533037e-04
3.911782775277634e+02       D196 -6.017595698405906e-08 4.078629172878896e-08 3.974181170450453e-04 -2.037739067533037e-04
3.921916280673635e+02    MXI1R01 -1.581110987973449e-08 4.460114832345863e-08 1.908227702474786e-04 -2.106976297251951e-04
3.925693749073634e+02       D197 1.036832959821433e-09 4.460114832345863e-08 1.112324064233056e-04 -2.106976297251951e-04
3.935827254469634e+02    MXI1R02 4.692686999311688e-08 4.316288713212260e-08 -9.884310747527575e-05 -2.104634130484097e-04
3.939530089169634e+02       D198 6.290937361561747e-08 4.316288713212260e-08 -1.767742303668850e-04 -2.104634130484097e-04
3.939530089169634e+02    IPM1R08 6.290937361561747e-08 4.316288713212260e-08 -1.767742303668850e-04 -2.104634130484097e-04
3.941764589169633e+02       D199 7.255412074528718e-08 4.316288713212260e-08 -2.238022800125336e-04 -2.104634130484097e-04
3.944764589169633e+02    MQN1R08 9.166577495937827e-08 8.616258280249815e-08 -2.666989338445077e-04 -7.171807067462733e-05
3.957593100169634e+02       D200 2.021995390864056e-07 8.616258280249815e-08 -3.587025396993326e-04 -7.171807067462733e-05
3.957593100169634e+02    IPM1R09 2.021995390864056e-07 8.616258280249815e-08 -3.587025396993326e-04 -7.171807067462733e-05
3.960577600169634e+02       D201 2.279147619238093e-07 8.616258280249815e-08 -3.801067978921737e-04 -7.171807067462733e-05
3.962077600169633e+02    MQL1R09 2.352796894576249e-07 1.163777899910470e-08 -4.002888260136297e-04 -1.984906705686757e-04
3.963985140169633e+02       D202 2.374996423528198e-07 1.163777899910470e-08 -4.381517153872809e-04 -1.984906705686757e-04
3.963985140169633e+02   MBT1R09H 2.374996423528198e-07 1.163777899910470e-08 -4.381517153872809e-04 -1.984906705686757e-04
4.019630079169633e+02       D203 3.022579926028859e-07 1.163777899910470e-08 -1.542651840973586e-03 -1.984906705686757e-04
4.019630079169633e+02    IPM1R10 3.022579926028859e-07 1.163777899910470e-08 -1.542651840973586e-03 -1.984906705686757e-04
4.022614579169633e+02       D204 3.057312877451687e-07 1.163777899910470e-08 -1.601891381604804e-03 -1.984906705686757e-04
4.024114579169633e+02    MQB1R10 3.109013411341747e-07 5.742940843933130e-08 -1.613906777111795e-03 3.857804964723155e-05
4.026022119169633e+02       D205 3.218562305116090e-07 5.742940843933130e-08 -1.606547859829388e-03 3.857804964723155e-05
4.026022119169633e+02   MBT1R10H 3.218562305116090e-07 5.742940843933130e-08 -1.606547859829388e-03 3.857804964723155e-05
4.027980459169632e+02       D206 3.331028612839166e-07 5.742940843933130e-08 -1.598992966054773e-03 3.857804964723155e-05
4.027980459169632e+02   MBT1R10V 3.331028612839166e-07 5.742940843933130e-08 -1.598992966054773e-03 3.857804964723155e-05
4.032753415269634e+02       D207 3.605136658169117e-07 5.742940843933130e-08 -1.580579832315783e-03 3.857804964723155e-05
4.042835950515633e+02    MXJ1R04 4.038159110273567e-07 2.493311686434969e-08 -1.527495971683202e-03 6.837135093696278e-05
4.076456183515634e+02       D208 4.876416308669246e-07 2.493311686434969e-08 -1.297629896780654e-03 6.837135093696278e-05
4.076456183515634e+02   IPM1R10A 4.876416308669246e-07 2.493311686434969e-08 -1.297629896780654e-03 6.837135093696278e-05
4.081065387215634e+02       D209 4.991338123172937e-07 2.493311686434969e-08 -1.266116148409388e-03 6.837135093696278e-05
4.091298578066634e+02    MXQ1R06 4.700810849488684e-07 -2.735520321603331e-08 -1.267082064087957e-03 6.557032834020966e-05
