0.000000000000000e+00      _BEG_ 5.251604272976662e-22 -2.219226321806267e-22 8.944667923005412e-22 8.893845946170153e-23
1.023319085100000e+00    MXQ1S01 -1.450284537814142e-11 -1.279840077234690e-11 1.253290242929703e-07 3.854406558703988e-07
4.385342385099980e+00         D0 -5.753136697760259e-11 -1.279840077234690e-11 1.421189490096525e-06 3.854406558703988e-07
4.385342385099980e+00    IPM1S00 -5.753136697760259e-11 -1.279840077234690e-11 1.421189490096525e-06 3.854406558703988e-07
4.846262755100013e+00         D1 -6.343041059680764e-11 -1.279840077234690e-11 1.598846939813364e-06 3.854406558703988e-07
5.854516279700013e+00    MXJ1S03 -5.984801200939607e-11 2.164373949399923e-11 1.832951824856767e-06 -5.105170416914407e-08
6.419949889699970e+00         D2 -4.760991425352325e-11 2.164373949399923e-11 1.804085475471757e-06 -5.105170416914407e-08
6.419949889699970e+00    IPM1S01 -4.760991425352325e-11 2.164373949399923e-11 1.804085475471757e-06 -5.105170416914407e-08
6.718399889700007e+00         D3 -4.115034020145788e-11 2.164373949399923e-11 1.788849094362475e-06 -5.105170416914407e-08
6.868399889700007e+00    MQB1S01 -3.833870041494567e-11 1.591318228950982e-11 1.761256351390594e-06 -3.161717476536176e-07
7.059153889699977e+00         D4 -3.530319724039468e-11 1.591318228950982e-11 1.700945325838685e-06 -3.161717476536176e-07
7.059153889699977e+00   MBT1S01H -3.530319724039468e-11 1.591318228950982e-11 1.700945325838685e-06 -3.161717476536176e-07
7.254987889699968e+00         D5 -3.218685509999875e-11 1.591318228950982e-11 1.639028147808689e-06 -3.161717476536176e-07
7.254987889699968e+00   MBT1S01V -3.218685509999875e-11 1.591318228950982e-11 1.639028147808689e-06 1.236158669217570e-05
7.748509889700009e+00         D6 -2.433334955019161e-11 1.591318228950982e-11 7.739743135305130e-06 1.236158669217570e-05
7.748509889700009e+00    ITV1S01 -2.433334955019161e-11 1.591318228950982e-11 7.739743135305130e-06 1.236158669217570e-05
1.262364978969998e+01         D7 5.324564036546437e-11 1.591318228950982e-11 6.800420764563953e-05 1.236158669217570e-05
1.262364978969998e+01    IPM1S02 5.324564036546437e-11 1.591318228950982e-11 6.800420764563953e-05 1.236158669217570e-05
1.292209978970001e+01         D8 5.799492962008470e-11 1.591318228950982e-11 7.169352319391982e-05 1.236158669217570e-05
1.307209978970002e+01    MQL1S02 5.901681996472639e-11 -2.340263002030346e-12 7.526958170158659e-05 3.551063277600063e-05
1.326285378969999e+01         D9 5.857040543592959e-11 -2.340263002030346e-12 8.204337694613873e-05 3.551063277600063e-05
1.326285378969999e+01   MBT1S02H 5.857040543592959e-11 -2.340263002030346e-12 8.204337694613873e-05 3.551063277600063e-05
1.345868778969998e+01        D10 5.811210237126850e-11 -2.340263002030346e-12 8.899756620519372e-05 3.551063277600063e-05
1.345868778969998e+01   MBT1S02V 5.811210237126850e-11 -2.340263002030346e-12 8.899756620519372e-05 -3.258696776932153e-06
1.442995085970000e+01        D11 5.583909134351166e-11 -2.340263002030346e-12 8.583251436943145e-05 -3.258696776932153e-06
1.442995085970000e+01    IPM1S03 5.583909134351166e-11 -2.340263002030346e-12 8.583251436943145e-05 -3.258696776932153e-06
1.465340085969996e+01        D12 5.531615957570456e-11 -2.340263002030346e-12 8.510435857462605e-05 -3.258696776932153e-06
1.495340085969996e+01    MQN1S03 5.922007662392424e-11 2.874357708998733e-11 7.710550372514305e-05 -4.935593730400227e-05
1.554713232970007e+01        D13 7.628604290277406e-11 2.874357708998733e-11 4.780133051640472e-05 -4.935593730400227e-05
1.656048286930007e+01    MXI1S05 1.050646741304173e-10 2.087328286951696e-11 -1.510696645218573e-06 -4.943454637611604e-05
1.693822970930008e+01        D14 1.129494907745803e-10 2.087328286951696e-11 -2.018444032563045e-05 -4.943454637611604e-05
1.795158024890008e+01    MXI1S06 1.210224867468203e-10 2.785644406659051e-13 -6.916981549137335e-05 -4.898202085418605e-05
1.860505024890006e+01        D15 1.212045202519246e-10 2.785644406659051e-13 -1.011780966589574e-04 -4.898202085418605e-05
1.890505024890006e+01    MQN1S04 1.275796016343407e-10 4.259872355308705e-11 -1.106206135858978e-04 -1.346030368350544e-05
1.979975024890006e+01        D16 1.656926795972431e-10 4.259872355308705e-11 -1.226635472915301e-04 -1.346030368350544e-05
1.979975024890006e+01    ITV1S04 1.656926795972431e-10 4.259872355308705e-11 -1.226635472915301e-04 -1.346030368350544e-05
2.038040024890011e+01        D17 1.904276284288796e-10 4.259872355308705e-11 -1.304792726253582e-04 -1.346030368350544e-05
2.038040024890011e+01    IPM1S05 1.904276284288796e-10 4.259872355308705e-11 -1.304792726253582e-04 -1.346030368350544e-05
2.068005024890008e+01        D18 2.031923359415507e-10 4.259872355308705e-11 -1.345126526241201e-04 -1.346030368350544e-05
2.083005024890008e+01    MQL1S05 2.033899606603321e-10 -3.997709733167849e-11 -1.405254503905080e-04 -6.711090502291703e-05
2.109880024890009e+01        D19 1.926461157524136e-10 -3.997709733167849e-11 -1.585615061154177e-04 -6.711090502291703e-05
2.109880024890009e+01   MBT1S05H 1.926461157524136e-10 -3.997709733167849e-11 -1.585615061154177e-04 -6.711090502291703e-05
2.129489024890011e+01        D20 1.848070067364169e-10 -3.997709733167849e-11 -1.717212834813633e-04 -6.711090502291703e-05
2.129489024890011e+01   MBT1S05V 1.848070067364169e-10 -3.997709733167849e-11 -1.717212834813633e-04 -6.711090502291703e-05
2.268005024890007e+01        D21 1.294323305964240e-10 -3.997709733167849e-11 -2.646806246829043e-04 -6.711090502291703e-05
2.283005024890007e+01    MQB1S06 1.260590023667319e-10 -5.156521680635556e-12 -2.694337942326051e-04 3.942773423046734e-06
2.638040024890011e+01        D22 1.077515456178707e-10 -5.156521680635556e-12 -2.554355686100910e-04 3.942773423046734e-06
2.638040024890011e+01    IPM1S07 1.077515456178707e-10 -5.156521680635556e-12 -2.554355686100910e-04 3.942773423046734e-06
2.668005024889996e+01        D23 1.062063938961436e-10 -5.156521680635556e-12 -2.542541165538756e-04 3.942773423046734e-06
2.683005024889996e+01    MQL1S07 1.060896080171077e-10 3.597792875488904e-12 -2.521401748250311e-04 2.421504322144596e-05
2.729429024889998e+01        D24 1.077598473816339e-10 3.597792875488904e-12 -2.408985831599066e-04 2.421504322144596e-05
2.729429024889998e+01   MBT1S07V 1.077598473816339e-10 3.597792875488904e-12 -2.408985831599066e-04 2.421504322144596e-05
3.185811274890011e+01        D25 1.241795354567062e-10 3.597792875488904e-12 -1.303854240673959e-04 2.421504322144596e-05
3.185811274890011e+01   MAZ1S08H 1.241795354567062e-10 3.597792875488904e-12 -1.303854240673959e-04 2.421504322144596e-05
3.238040024890012e+01        D26 1.260586177036596e-10 3.597792875488904e-12 -1.177382096808748e-04 2.421504322144596e-05
3.238040024890012e+01    IPM1S08 1.260586177036596e-10 3.597792875488904e-12 -1.177382096808748e-04 2.421504322144596e-05
3.268005024889997e+01        D27 1.271366963391377e-10 3.597792875488904e-12 -1.104821719795722e-04 2.421504322144596e-05
3.283005024889997e+01    MQL1S08 1.266704237241640e-10 -9.806668630795961e-12 -1.076880094353409e-04 1.308825516589526e-05
3.309880024889998e+01        D28 1.240348815295233e-10 -9.806668630795961e-12 -1.041705408595064e-04 1.308825516589526e-05
3.309880024889998e+01   MBT1S08H 1.240348815295233e-10 -9.806668630795961e-12 -1.041705408595064e-04 1.308825516589526e-05
3.329489024890012e+01        D29 1.221118918777041e-10 -9.806668630795961e-12 -1.016040649040242e-04 1.308825516589526e-05
3.329489024890012e+01   MBT1S08V 1.221118918777041e-10 -9.806668630795961e-12 -1.016040649040242e-04 1.308825516589526e-05
3.795919204889998e+01        D30 7.637062973130950e-11 -9.806668630795961e-12 -4.055649277488145e-05 1.308825516589526e-05
3.795919204889998e+01   MAZ1S09V 7.637062973130950e-11 -9.806668630795961e-12 -4.055649277488145e-05 1.308825516589526e-05
3.838040024890012e+01        D31 7.223998048917052e-11 -9.806668630795961e-12 -3.504361237531221e-05 1.308825516589526e-05
3.838040024890012e+01    IPM1S09 7.223998048917052e-11 -9.806668630795961e-12 -3.504361237531221e-05 1.308825516589526e-05
3.868005024889997e+01        D32 6.930141223406819e-11 -9.806668630795961e-12 -3.112171671485367e-05 1.308825516589526e-05
3.883005024889997e+01    MQL1S09 6.830708343055639e-11 -3.466292536461713e-12 -2.895512838034361e-05 1.576755340390289e-05
3.929429024889998e+01        D33 6.669789178381444e-11 -3.466292536461713e-12 -2.163519938811545e-05 1.576755340390289e-05
3.929429024889998e+01   MBT1S09V 6.669789178381444e-11 -3.466292536461713e-12 -2.163519938811545e-05 1.576755340390289e-05
4.438040024890012e+01        D34 4.906794665074626e-11 -3.466292536461713e-12 5.856031165501111e-05 1.576755340390289e-05
4.438040024890012e+01    IPM1S10 4.906794665074626e-11 -3.466292536461713e-12 5.856031165501111e-05 1.576755340390289e-05
4.468005024889997e+01        D35 4.802927209198999e-11 -3.466292536461713e-12 6.328505903248822e-05 1.576755340390289e-05
4.483005024889997e+01    MQB1S10 4.727783601941741e-11 -6.544895689178802e-12 6.594838612119670e-05 1.977108074835969e-05
4.509880024889998e+01        D36 4.551889530267903e-11 -6.544895689178802e-12 7.126186407231857e-05 1.977108074835969e-05
4.509880024889998e+01   MBT1S10H 4.551889530267903e-11 -6.544895689178802e-12 7.126186407231857e-05 1.977108074835969e-05
4.529489024890012e+01        D37 4.423550670730404e-11 -6.544895689178802e-12 7.513877529626719e-05 1.977108074835969e-05
4.529489024890012e+01   MBT1S10V 4.423550670730404e-11 -6.544895689178802e-12 7.513877529626719e-05 1.977108074835969e-05
6.016205624890011e+01        D38 -5.306854395629204e-11 -6.544895689178802e-12 3.690787147815349e-04 1.977108074835969e-05
6.016205624890011e+01   MAZ1E01H -5.306854395629204e-11 -6.544895689178802e-12 3.690787147815349e-04 1.977108074835969e-05
6.045415624890012e+01        D39 -5.498030798700105e-11 -6.544895689178802e-12 3.748538474681309e-04 1.977108074835969e-05
6.045415624890012e+01   MAZ1E01V -5.498030798700105e-11 -6.544895689178802e-12 3.748538474681309e-04 1.977108074835969e-05
6.093046624890007e+01        D40 -5.809770725281622e-11 -6.544895689178802e-12 3.842710109393812e-04 1.977108074835969e-05
6.093046624890007e+01    IPM1E01 -5.809770725281622e-11 -6.544895689178802e-12 3.842710109393812e-04 1.977108074835969e-05
6.123005424890008e+01        D41 -6.005847946254046e-11 -6.544895689178802e-12 3.901941894786208e-04 1.977108074835969e-05
6.138005424890008e+01    MQB1E01 -6.136432317493880e-11 -1.088206873821879e-11 3.911074788931478e-04 -7.604510313588736e-06
6.164880424890009e+01        D42 -6.428887914809224e-11 -1.088206873821879e-11 3.890637667463707e-04 -7.604510313588736e-06
6.164880424890009e+01   MBT1E01H -6.428887914809224e-11 -1.088206873821879e-11 3.890637667463707e-04 -7.604510313588736e-06
6.184489424890012e+01        D43 -6.642274400696455e-11 -1.088206873821879e-11 3.875725983189789e-04 -7.604510313588736e-06
6.184489424890012e+01   MBT1E01V -6.642274400696455e-11 -1.088206873821879e-11 3.875725983189789e-04 -7.604510313588736e-06
6.220869424890020e+01        D44 -7.038164061374874e-11 -1.088206873821879e-11 3.848060774668947e-04 -7.604510313588736e-06
6.220869424890020e+01    IHA1E01 -7.038164061374874e-11 -1.088206873821879e-11 3.848060774668947e-04 -7.604510313588736e-06
6.283065424890021e+01        D45 -7.714985208581086e-11 -1.088206873821879e-11 3.800763762322550e-04 -7.604510313588736e-06
6.333072272611611e+01    MBW1E01 4.915045448299125e-11 7.240980417631373e-10 3.762815314092253e-04 -8.191343272428366e-06
6.908308572611598e+01        D46 4.214425238293997e-09 7.240980417631373e-10 3.291619514486105e-04 -8.191343272428366e-06
7.008322268054798e+01    MBX1E02 3.934980673247449e-09 -2.143894868310257e-09 3.204490748816462e-04 -9.218249735034743e-06
7.583558568054798e+01        D47 -8.397480843110114e-09 -2.143894868310257e-09 2.674223561810725e-04 -9.218249735034743e-06
7.633565415776388e+01    MBW1E03 -9.346230148513448e-09 -1.316420084634314e-09 2.625984047652380e-04 -9.635623520290529e-06
7.748540525776389e+01        D48 -1.085978558888504e-08 -1.316420084634314e-09 2.515198360235982e-04 -9.635623520290529e-06
7.748540525776389e+01    IPM1E02 -1.085978558888504e-08 -1.316420084634314e-09 2.515198360235982e-04 -9.635623520290529e-06
7.778505525776390e+01        D49 -1.125425086724574e-08 -1.316420084634314e-09 2.486325214357429e-04 -9.635623520290529e-06
7.793505525776391e+01    MQB1E02 -1.139679140399114e-08 -5.825877457008165e-10 2.483924575959649e-04 6.432175195069853e-06
7.820380525776392e+01        D50 -1.155336186064797e-08 -5.825877457008165e-10 2.501211046796399e-04 6.432175195069853e-06
7.820380525776392e+01   MBT1E02H -1.155336186064797e-08 -5.825877457008165e-10 2.501211046796399e-04 6.432175195069853e-06
7.839989525776400e+01        D51 -1.166760149170251e-08 -5.825877457008165e-10 2.513823899136417e-04 6.432175195069853e-06
7.839989525776400e+01   MBT1E02V -1.166760149170251e-08 -5.825877457008165e-10 2.513823899136417e-04 6.432175195069853e-06
9.403540125776399e+01        D52 -2.077665568513387e-08 -5.825877457008165e-10 3.519527037692076e-04 6.432175195069853e-06
9.403540125776399e+01    IPM1E03 -2.077665568513387e-08 -5.825877457008165e-10 3.519527037692076e-04 6.432175195069853e-06
9.433505125776384e+01        D53 -2.095122810313264e-08 -5.825877457008165e-10 3.538801050664093e-04 6.432175195069853e-06
9.448505125776384e+01    MQB1E03 -2.113659756371389e-08 -1.890932812928001e-09 3.531936692076952e-04 -1.557755757367637e-05
9.475380125776385e+01        D54 -2.164478575718862e-08 -1.890932812928001e-09 3.490072006097695e-04 -1.557755757367637e-05
9.475380125776385e+01   MBT1E03H -2.164478575718862e-08 -1.890932812928001e-09 3.490072006097695e-04 -1.557755757367637e-05
9.494989125776394e+01        D55 -2.201557877247587e-08 -1.890932812928001e-09 3.459525973451460e-04 -1.557755757367637e-05
9.494989125776394e+01   MBT1E03V -2.201557877247587e-08 -1.890932812928001e-09 3.459525973451460e-04 -1.557755757367637e-05
9.565144125776399e+01        D56 -2.334216268738541e-08 -1.890932812928001e-09 3.350241618293325e-04 -1.557755757367637e-05
9.565144125776399e+01    IHA1E03 -2.334216268738541e-08 -1.890932812928001e-09 3.350241618293325e-04 -1.557755757367637e-05
1.105854012577640e+02        D57 -5.158127767833953e-08 -1.890932812928001e-09 1.023895401263524e-04 -1.557755757367637e-05
1.105854012577640e+02    IPM1A01 -5.158127767833953e-08 -1.890932812928001e-09 1.023895401263524e-04 -1.557755757367637e-05
1.108850512577639e+02        D58 -5.214789569573362e-08 -1.890932812928001e-09 9.772172499940176e-05 -1.557755757367637e-05
1.110350512577639e+02    MQB1A01 -5.204531819963081e-08 3.256953253284089e-09 9.610345046278999e-05 -6.026178511873009e-06
1.113038012577640e+02        D59 -5.117001201281052e-08 3.256953253284089e-09 9.448391498772336e-05 -6.026178511873009e-06
1.113038012577640e+02   MBT1A01H -5.117001201281052e-08 3.256953253284089e-09 9.448391498772336e-05 -6.026178511873009e-06
1.114998912577640e+02        D60 -5.053135604937391e-08 3.256953253284089e-09 9.330224164333037e-05 -6.026178511873009e-06
1.114998912577640e+02   MBT1A01V -5.053135604937391e-08 3.256953253284089e-09 9.330224164333037e-05 -6.026178511873009e-06
1.120053512577640e+02        D61 -4.888509645796898e-08 3.256953253284089e-09 9.025624945271887e-05 -6.026178511873009e-06
1.120053512577640e+02    ITV1A01 -4.888509645796898e-08 3.256953253284089e-09 9.025624945271887e-05 -6.026178511873009e-06
1.137199712577640e+02        D62 -4.330065927082323e-08 3.256953253284089e-09 7.992364325269117e-05 -6.026178511873009e-06
1.138699712577640e+02    MQB1A02 -4.267749302038420e-08 5.047614648586921e-09 7.926842645554301e-05 -2.714600321881572e-06
1.165523912577640e+02        D63 -2.913767053472185e-08 5.047614648586921e-09 7.198672826012146e-05 -2.714600321881572e-06
1.175539994477640e+02    MJD1A01 -5.350051366043388e-08 -8.187728109060845e-08 6.826898403833491e-05 -4.645244628368152e-06
1.211438414477640e+02        D64 -3.474270161653038e-07 -8.187728109060845e-08 5.159328977114461e-05 -4.645244628368152e-06
1.211438414477640e+02    SBC1A02 -3.474270161653038e-07 -8.187728109060845e-08 5.159328977114461e-05 -4.645244628368152e-06
1.217358414477640e+02        D65 -3.958983665709474e-07 -8.187728109060845e-08 4.884330495115047e-05 -4.645244628368152e-06
1.217358414477640e+02    SSS1A02 -3.958983665709474e-07 -8.187728109060845e-08 4.884330495115047e-05 -4.645244628368152e-06
1.227691914477640e+02        D66 -4.805062549859258e-07 -8.187728109060845e-08 4.404314141442634e-05 -4.645244628368152e-06
1.227691914477640e+02    IPM1A03 -4.805062549859258e-07 -8.187728109060845e-08 4.404314141442634e-05 -4.645244628368152e-06
1.230688414477639e+02        D67 -5.050407822647191e-07 -8.187728109060845e-08 4.265119386153626e-05 -4.645244628368152e-06
1.232188414477639e+02    MQB1A03 -5.238615807925708e-07 -1.696073457105646e-07 4.142425725076199e-05 -1.168003122272829e-05
1.236830814477639e+02        D68 -6.026000949652368e-07 -1.696073457105646e-07 3.600191955592305e-05 -1.168003122272829e-05
1.236830814477639e+02   MBT1A03V -6.026000949652368e-07 -1.696073457105646e-07 3.600191955592305e-05 -1.168003122272829e-05
1.264260014477640e+02        D69 -1.067819475661683e-06 -1.696073457105646e-07 3.964528314475554e-06 -1.168003122272829e-05
1.264260014477640e+02    IPM1A04 -1.067819475661683e-06 -1.696073457105646e-07 3.964528314475554e-06 -1.168003122272829e-05
1.267256514477639e+02        D70 -1.118642316803837e-06 -1.696073457105646e-07 4.646069585861215e-07 -1.168003122272829e-05
1.268756514477639e+02    MQL1A04 -1.115769928594267e-06 2.077481573312367e-07 -1.290206171602864e-06 -1.181517241269293e-05
1.271444014477639e+02        D71 -1.059937611311508e-06 2.077481573312367e-07 -4.465533757513558e-06 -1.181517241269293e-05
1.271444014477639e+02   MBT1A04H -1.059937611311508e-06 2.077481573312367e-07 -4.465533757513558e-06 -1.181517241269293e-05
1.278459514477639e+02        D72 -9.141918915357781e-07 2.077481573312367e-07 -1.275446796363825e-05 -1.181517241269293e-05
1.278459514477639e+02    ITV1A04 -9.141918915357781e-07 2.077481573312367e-07 -1.275446796363825e-05 -1.181517241269293e-05
1.300828204477639e+02        D73 -4.494864785944098e-07 2.077481573312367e-07 -3.918346086324639e-05 -1.181517241269293e-05
1.300828204477639e+02    IPM1A05 -4.494864785944098e-07 2.077481573312367e-07 -3.918346086324639e-05 -1.181517241269293e-05
1.303824704477639e+02        D74 -3.872347432501007e-07 2.077481573312367e-07 -4.272387727671006e-05 -1.181517241269293e-05
1.305324704477639e+02    MQB1A05 -3.598753613508267e-07 1.576581053805329e-07 -4.407127277563975e-05 -6.120866350953881e-06
1.309967104477639e+02        D75 -2.866841625089651e-07 1.576581053805329e-07 -4.691282377040669e-05 -6.120866350953881e-06
1.309967104477639e+02   MBT1A05V -2.866841625089651e-07 1.576581053805329e-07 -4.691282377040669e-05 -6.120866350953881e-06
1.360473102477639e+02        D76 5.095838329943334e-07 1.576581053805329e-07 -7.782687013836109e-05 -6.120866350953881e-06
1.370489184377639e+02    MJD1A02 6.347313768363219e-07 6.481484673603185e-08 -8.289309375616340e-05 -3.908510214755896e-06
1.422641104377639e+02        D77 9.727532470153020e-07 6.481484673603185e-08 -1.032767249600766e-04 -3.908510214755896e-06
1.422641104377639e+02    IPM1A06 9.727532470153020e-07 6.481484673603185e-08 -1.032767249600766e-04 -3.908510214755896e-06
1.425637604377639e+02        D78 9.921750158397520e-07 6.481484673603185e-08 -1.044479100459281e-04 -3.908510214755896e-06
1.427137604377639e+02    MQB1A06 9.918524197721127e-07 -6.910923489040708e-08 -1.060733153835206e-04 -1.779960095689840e-05
1.429825104377639e+02        D79 9.732793128953153e-07 -6.910923489040708e-08 -1.108569581406872e-04 -1.779960095689840e-05
1.429825104377639e+02   MBT1A06H 9.732793128953153e-07 -6.910923489040708e-08 -1.108569581406872e-04 -1.779960095689840e-05
1.482286114377639e+02        D80 6.107252866275137e-07 -6.910923489040708e-08 -2.042354625202732e-04 -1.779960095689840e-05
1.492302196277639e+02    MJD1A03 5.110837485399830e-07 -1.575926963925372e-07 -2.192731926413792e-04 -1.196990631367677e-05
1.544454116277639e+02        D81 -3.107924209448065e-07 -1.575926963925372e-07 -2.816985522892158e-04 -1.196990631367677e-05
1.544454116277639e+02    IPM1A07 -3.107924209448065e-07 -1.575926963925372e-07 -2.816985522892158e-04 -1.196990631367677e-05
1.547450616277639e+02        D82 -3.580150724188242e-07 -1.575926963925372e-07 -2.852853347161085e-04 -1.196990631367677e-05
1.548950616277639e+02    MQB1A07 -3.855712327431738e-07 -2.104811527827532e-07 -2.840967540304632e-04 2.779021340383908e-05
1.553593016277639e+02        D83 -4.832850031110434e-07 -2.104811527827532e-07 -2.711954253598645e-04 2.779021340383908e-05
1.553593016277639e+02   MBT1A07V -4.832850031110434e-07 -2.104811527827532e-07 -2.711954253598645e-04 2.779021340383908e-05
1.581022196277639e+02        D84 -1.060617545739601e-06 -2.104811527827532e-07 -1.949691487906338e-04 2.779021340383908e-05
1.581022196277639e+02    IPM1A08 -1.060617545739601e-06 -2.104811527827532e-07 -1.949691487906338e-04 2.779021340383908e-05
1.584018696277638e+02        D85 -1.123688223170933e-06 -2.104811527827532e-07 -1.866418113441760e-04 2.779021340383908e-05
1.585518696277638e+02    MQB1A08 -1.133980463401185e-06 7.367666419357980e-08 -1.858969040958025e-04 -1.782724974866230e-05
1.588206196277638e+02        D86 -1.114179859899160e-06 7.367666419357980e-08 -1.906879774657557e-04 -1.782724974866230e-05
1.588206196277638e+02   MBT1A08H -1.114179859899160e-06 7.367666419357980e-08 -1.906879774657557e-04 -1.782724974866230e-05
1.617590383277638e+02        D87 -8.976869720791211e-07 7.367666419357980e-08 -2.430719014967964e-04 -1.782724974866230e-05
1.617590383277638e+02    IPM1A09 -8.976869720791211e-07 7.367666419357980e-08 -2.430719014967964e-04 -1.782724974866230e-05
1.620586883277637e+02        D88 -8.756097596535211e-07 7.367666419357980e-08 -2.484138368839813e-04 -1.782724974866230e-05
1.622086883277638e+02    MQB1A09 -8.724349023410693e-07 -3.128139797929398e-08 -2.488903638331330e-04 1.148285283098071e-05
1.626729283277638e+02        D89 -8.869569785389776e-07 -3.128139797929398e-08 -2.435595642348783e-04 1.148285283098071e-05
1.626729283277638e+02   MBT1A09V -8.869569785389776e-07 -3.128139797929398e-08 -2.435595642348783e-04 1.148285283098071e-05
1.677235443277638e+02        D90 -1.044947307675570e-06 -3.128139797929398e-08 -1.855640840010812e-04 1.148285283098071e-05
1.687251525177638e+02    MJD1A04 -1.096480175930820e-06 -1.014938062017165e-07 -1.714805706909117e-04 1.639764626727707e-05
1.711079245177638e+02        D91 -1.338316775521690e-06 -1.014938062017165e-07 -1.324087182993406e-04 1.639764626727707e-05
1.711079245177638e+02    IPM1A10 -1.338316775521690e-06 -1.014938062017165e-07 -1.324087182993406e-04 1.639764626727707e-05
1.739403445177638e+02        D92 -1.625789862083564e-06 -1.014938062017165e-07 -8.596369705897853e-05 1.639764626727707e-05
1.739403445177638e+02    IPM1A11 -1.625789862083564e-06 -1.014938062017165e-07 -8.596369705897853e-05 1.639764626727707e-05
1.742399945177638e+02        D93 -1.656202481111909e-06 -1.014938062017165e-07 -8.105014235498864e-05 1.639764626727707e-05
1.743899945177639e+02    MQB1A11 -1.647616331926831e-06 2.157050369563720e-07 -7.971998452368332e-05 1.379686991552305e-06
1.746587445177638e+02        D94 -1.589645603244816e-06 2.157050369563720e-07 -7.934919364470371e-05 1.379686991552305e-06
1.746587445177638e+02   MBT1A11H -1.589645603244816e-06 2.157050369563720e-07 -7.934919364470371e-05 1.379686991552305e-06
1.799048405177637e+02        D95 -4.580362716881585e-07 2.157050369563720e-07 -7.211122323706924e-05 1.379686991552305e-06
1.809064487077637e+02    MJD1A05 -2.703065314972213e-07 1.340324219573573e-07 -6.973108109406457e-05 3.332175713348043e-06
1.861216407077637e+02        D96 4.286982832354125e-07 1.340324219573573e-07 -5.235314497121756e-05 3.332175713348043e-06
1.861216407077637e+02    IPM1A13 4.286982832354125e-07 1.340324219573573e-07 -5.235314497121756e-05 3.332175713348043e-06
1.864212907077637e+02        D97 4.688610984749375e-07 1.340324219573573e-07 -5.135465851871275e-05 3.332175713348043e-06
1.865712907077638e+02    MQB1A13 4.939680958510380e-07 2.013199982481282e-07 -5.032639431750103e-05 1.035453747361690e-05
1.870355307077638e+02        D98 5.874288918377526e-07 2.013199982481282e-07 -4.551940384074894e-05 1.035453747361690e-05
1.870355307077638e+02   MBT1A13V 5.874288918377526e-07 2.013199982481282e-07 -4.551940384074894e-05 1.035453747361690e-05
1.897784507077638e+02        D99 1.139633541432515e-06 2.013199982481282e-07 -1.711773591361535e-05 1.035453747361690e-05
1.897784507077638e+02    IPM1A14 1.139633541432515e-06 2.013199982481282e-07 -1.711773591361535e-05 1.035453747361690e-05
1.900781007077638e+02       D100 1.199959078907570e-06 2.013199982481282e-07 -1.401499875964584e-05 1.035453747361690e-05
1.902281007077638e+02    MQB1A14 1.210373071236327e-06 -6.284399444759767e-08 -1.267990119563755e-05 7.495066231411659e-06
1.904968507077638e+02       D101 1.193483747728538e-06 -6.284399444759767e-08 -1.066560214594600e-05 7.495066231411659e-06
1.904968507077638e+02   MBT1A14H 1.193483747728538e-06 -6.284399444759767e-08 -1.066560214594600e-05 7.495066231411659e-06
1.937348987077638e+02       D102 9.899918771954818e-07 -6.284399444759767e-08 1.360378207454428e-05 7.495066231411659e-06
1.938848987077638e+02    MQB1A15 9.901339233942930e-07 6.474239389472279e-08 1.459543854579804e-05 5.706210397303402e-06
1.943491387077638e+02       D103 1.020189932335980e-06 6.474239389472279e-08 1.724448966064227e-05 5.706210397303402e-06
1.943491387077638e+02   MBT1A15V 1.020189932335980e-06 6.474239389472279e-08 1.724448966064227e-05 5.706210397303402e-06
1.993997487077638e+02       D104 1.347178514364602e-06 6.474239389472279e-08 4.606433295536658e-05 5.706210397303402e-06
2.004013568977638e+02    MJD1A06 1.378215073224405e-06 -3.149834794408051e-08 5.115319828421128e-05 4.367986976684831e-06
2.056165488977638e+02       D105 1.213945141013218e-06 -3.149834794408051e-08 7.393308902112219e-05 4.367986976684831e-06
2.056165488977638e+02    IPM1A16 1.213945141013218e-06 -3.149834794408051e-08 7.393308902112219e-05 4.367986976684831e-06
2.059161988977638e+02       D106 1.204506661051775e-06 -3.149834794408051e-08 7.524195631868590e-05 4.367986976684831e-06
2.060661988977638e+02    MQB1A16 1.192012907698282e-06 -1.349063779117329e-07 7.637564301322815e-05 1.076385900471129e-05
2.065304388977638e+02       D107 1.129383970816537e-06 -1.349063779117329e-07 8.137265691757552e-05 1.076385900471129e-05
2.065304388977638e+02   MBT1A16H 1.129383970816537e-06 -1.349063779117329e-07 8.137265691757552e-05 1.076385900471129e-05
2.115810488977638e+02       D108 4.480244694717650e-07 -1.349063779117329e-07 1.357367108453600e-04 1.076385900471129e-05
2.125826570877638e+02    MJD1A07 2.817977165857821e-07 -2.257215834581844e-07 1.446614848902402e-04 6.904113209322792e-06
2.180975090877638e+02       D109 -9.630234093917526e-07 -2.257215834581844e-07 1.827366474309004e-04 6.904113209322792e-06
2.182475090877638e+02    MQB1A17 -1.008959645308540e-06 -3.880345545040343e-07 1.815584146949888e-04 -2.258240068299744e-05
2.187117490877638e+02       D110 -1.189100806891500e-06 -3.880345545040343e-07 1.710747610019136e-04 -2.258240068299744e-05
2.187117490877638e+02   MBT1A17V -1.189100806891500e-06 -3.880345545040343e-07 1.710747610019136e-04 -2.258240068299744e-05
2.214546790877638e+02       D111 -2.253452427477250e-06 -3.880345545040343e-07 1.091328166964995e-04 -2.258240068299744e-05
2.214546790877638e+02    IPM1A18 -2.253452427477250e-06 -3.880345545040343e-07 1.091328166964995e-04 -2.258240068299744e-05
2.217543290877638e+02       D112 -2.369726981734390e-06 -3.880345545040343e-07 1.023660003318388e-04 -2.258240068299744e-05
2.219043290877638e+02    MQB1A18 -2.391538069702944e-06 9.795354879103092e-08 1.004967930211419e-04 -2.403103861457664e-06
2.221730790877638e+02       D113 -2.365213053465360e-06 9.795354879103092e-08 9.985095885837528e-05 -2.403103861457664e-06
2.221730790877638e+02   MBT1A18H -2.365213053465360e-06 9.795354879103092e-08 9.985095885837528e-05 -2.403103861457664e-06
2.251114839877638e+02       D114 -2.077385865725403e-06 9.795354879103092e-08 9.278966669665910e-05 -2.403103861457664e-06
2.251114839877638e+02    IPM1A19 -2.077385865725403e-06 9.795354879103092e-08 9.278966669665910e-05 -2.403103861457664e-06
2.254111339877638e+02       D115 -2.048034084830169e-06 9.795354879103092e-08 9.206957662457327e-05 -2.403103861457664e-06
2.255611339877638e+02    MQB1A19 -2.011351977186063e-06 3.902692680085144e-07 9.268154355420103e-05 1.057711847126834e-05
2.260253739877638e+02       D116 -1.830173372205783e-06 3.902692680085144e-07 9.759186503330284e-05 1.057711847126834e-05
2.260253739877638e+02   MBT1A19V -1.830173372205783e-06 3.902692680085144e-07 9.759186503330284e-05 1.057711847126834e-05
2.310759737877638e+02       D117 1.409205147441418e-07 3.902692680085144e-07 1.510126574688664e-04 1.057711847126834e-05
2.320775819777638e+02    MJD1A08 5.003365253259872e-07 3.024541503751327e-07 1.595391156496903e-04 6.302308428792555e-06
2.372927639777638e+02       D118 2.077689966187681e-06 3.024541503751327e-07 1.924068011259777e-04 6.302308428792555e-06
2.372927639777638e+02    IPM1A21 2.077689966187681e-06 3.024541503751327e-07 1.924068011259777e-04 6.302308428792555e-06
2.375924139777638e+02       D119 2.168320352347595e-06 3.024541503751327e-07 1.942952878466655e-04 6.302308428792555e-06
2.377424139777638e+02    MQB1A21 2.198718644792247e-06 1.023941286231312e-07 1.965531594994014e-04 2.383659643936366e-05
2.380111639777638e+02       D120 2.226237066859710e-06 1.023941286231312e-07 2.029592447924793e-04 2.383659643936366e-05
2.380111639777638e+02   MBT1A21H 2.226237066859710e-06 1.023941286231312e-07 2.029592447924793e-04 2.383659643936366e-05
2.387127139777638e+02       D121 2.298071667795266e-06 1.023941286231312e-07 2.196818090245148e-04 2.383659643936366e-05
2.387127139777638e+02    ITV1A21 2.298071667795266e-06 1.023941286231312e-07 2.196818090245148e-04 2.383659643936366e-05
2.388489979777638e+02       D122 2.312026349220544e-06 1.023941286231312e-07 2.229303557336581e-04 2.383659643936366e-05
2.388489979777638e+02    IHA1A21 2.312026349220544e-06 1.023941286231312e-07 2.229303557336581e-04 2.383659643936366e-05
2.442588329732222e+02       D123 2.865961689575425e-06 1.023941286231312e-07 3.518824093239460e-04 2.383659643936366e-05
2.442588329732222e+02    ISR1A21 2.865961689575425e-06 1.023941286231312e-07 3.518824093239460e-04 2.383659643936366e-05
2.432572347832221e+02       D124 2.763403915679867e-06 1.023941286231312e-07 3.280077174745182e-04 2.383659643936366e-05
2.442588429732222e+02    MJD1A09 2.822658838017970e-06 -1.401703885852868e-08 3.473930368457852e-04 1.453956550327626e-05
2.494740741677638e+02       D125 2.749556739707871e-06 -1.401703885852868e-08 4.232202324135528e-04 1.453956550327626e-05
2.494740741677638e+02    IPM1A23 2.749556739707871e-06 -1.401703885852868e-08 4.232202324135528e-04 1.453956550327626e-05
2.497737241677638e+02       D126 2.745356534013911e-06 -1.401703885852868e-08 4.275770132166098e-04 1.453956550327626e-05
2.499237241677638e+02    MQB1A23 2.762192448638200e-06 2.387548122272906e-07 4.268655441682816e-04 -2.401517637892876e-05
2.503879641677638e+02       D127 2.873031982666599e-06 2.387548122272906e-07 4.157167386861273e-04 -2.401517637892876e-05
2.503879641677638e+02   MBT1A23V 2.873031982666599e-06 2.387548122272906e-07 4.157167386861273e-04 -2.401517637892876e-05
2.531308841677638e+02       D128 3.527917332221088e-06 2.387548122272906e-07 3.498450310928353e-04 -2.401517637892876e-05
2.531308841677638e+02    IPM1A24 3.527917332221088e-06 2.387548122272906e-07 3.498450310928353e-04 -2.401517637892876e-05
2.534305341677639e+02       D129 3.599460211704998e-06 2.387548122272906e-07 3.426488834908888e-04 -2.401517637892876e-05
2.535805341677639e+02    MQB1A24 3.580348691778083e-06 -4.929340312075668e-07 3.441667333139386e-04 4.430412116943868e-05
2.538492841677638e+02       D130 3.447872670891072e-06 -4.929340312075668e-07 3.560734658782232e-04 4.430412116943868e-05
2.538492841677638e+02   MBT1A24H 3.447872670891072e-06 -4.929340312075668e-07 3.560734658782232e-04 4.430412116943868e-05
2.570873497677638e+02       D131 1.851719941368524e-06 -4.929340312075668e-07 4.995331165752144e-04 4.430412116943868e-05
2.572373497677638e+02    MQB1A25 1.800402754724182e-06 -1.927141227981174e-07 5.001114609614261e-04 -3.660831581081692e-05
2.577015897677638e+02       D132 1.710937150356380e-06 -1.927141227981174e-07 4.831164164294118e-04 -3.660831581081692e-05
2.577015897677638e+02   MBT1A25V 1.710937150356380e-06 -1.927141227981174e-07 4.831164164294118e-04 -3.660831581081692e-05
2.627521997677638e+02       D133 7.376132746109885e-07 -1.927141227981174e-07 2.982220905121431e-04 -3.660831581081692e-05
2.637538079577638e+02    MJD1A10 5.136111752121905e-07 -2.811056181170131e-07 2.573742570777226e-04 -4.425621063167871e-05
2.689689999577638e+02       D134 -9.524085955467124e-07 -2.811056181170131e-07 2.656962144107686e-05 -4.425621063167871e-05
2.689689999577638e+02    IPM1A26 -9.524085955467124e-07 -2.811056181170131e-07 2.656962144107686e-05 -4.425621063167871e-05
2.692686499577638e+02       D135 -1.036641894015481e-06 -2.811056181170131e-07 1.330824792529345e-05 -4.425621063167871e-05
2.694186499577638e+02    MQB1A26 -1.072034257942832e-06 -1.902863295775519e-07 6.740208114627969e-06 -4.341048534517927e-05
2.698828899577638e+02       D136 -1.160372783585918e-06 -1.902863295775519e-07 -1.341267560201883e-05 -4.341048534517927e-05
2.698828899577638e+02   MBT1A26H -1.160372783585918e-06 -1.902863295775519e-07 -1.341267560201883e-05 -4.341048534517927e-05
2.749334897577638e+02       D137 -2.121432881693025e-06 -1.902863295775519e-07 -2.326616642042816e-04 -4.341048534517927e-05
2.759350979477638e+02    MJD1A11 -2.323872345810914e-06 -2.528815287927859e-07 -2.730022391836575e-04 -3.644991257998162e-05
2.814499499477638e+02       D138 -3.718476550636867e-06 -2.528815287927859e-07 -4.740181124751943e-04 -3.644991257998162e-05
2.815999499477638e+02    MQB1A27 -3.792646383859019e-06 -7.376582938750368e-07 -4.749721091903264e-04 2.374997578853429e-05
2.820641899477638e+02       D139 -4.135096870207579e-06 -7.376582938750368e-07 -4.639464204302569e-04 2.374997578853429e-05
2.820641899477638e+02   MBT1A27V -4.135096870207579e-06 -7.376582938750368e-07 -4.639464204302569e-04 2.374997578853429e-05
2.848071199477638e+02       D140 -6.158441934226232e-06 -7.376582938750368e-07 -3.988018993406125e-04 2.374997578853429e-05
2.848071199477638e+02    IPM1A28 -6.158441934226232e-06 -7.376582938750368e-07 -3.988018993406125e-04 2.374997578853429e-05
2.851067699477638e+02       D141 -6.379481241985906e-06 -7.376582938750368e-07 -3.916852190955777e-04 2.374997578853429e-05
2.852567699477638e+02    MQB1A28 -6.384905505123137e-06 6.655326528817168e-07 -3.944307725420224e-04 -6.045668764503160e-05
2.855249079777639e+02       D142 -6.206450890678726e-06 6.655326528817168e-07 -4.106415096674894e-04 -6.045668764503160e-05
2.855249079777639e+02   MBT1A28H -6.206450890678726e-06 6.655326528817168e-07 -4.106415096674894e-04 -6.045668764503160e-05
2.884639279777639e+02       D143 -4.250437113206285e-06 6.655326528817168e-07 -5.883249237899919e-04 -6.045668764503160e-05
2.884639279777639e+02    IPM1A29 -4.250437113206285e-06 6.655326528817168e-07 -5.883249237899919e-04 -6.045668764503160e-05
2.887635779777639e+02       D144 -4.051010253770265e-06 6.655326528817168e-07 -6.064407702428269e-04 -6.045668764503160e-05
2.889135779777639e+02    MQB1A29 -3.993688954076069e-06 1.001028798484010e-07 -6.092172783837371e-04 2.349996841704900e-05
2.944284179777639e+02       D145 -3.441637588172912e-06 1.001028798484010e-07 -4.796187125586584e-04 2.349996841704900e-05
2.954300261677639e+02    MJD1A12 -3.354121290352265e-06 5.038027532155311e-08 -4.494173459343956e-04 3.628835125717342e-05
2.987266881677639e+02       D146 -3.188034551150164e-06 5.038027532155311e-08 -3.297869173022208e-04 3.628835125717342e-05
2.987266881677639e+02   MBT1A30V -3.188034551150164e-06 5.038027532155311e-08 -3.297869173022208e-04 3.628835125717342e-05
3.006452181677639e+02       D147 -3.091378481537502e-06 5.038027532155311e-08 -2.601666267647948e-04 3.628835125717342e-05
3.006452181677639e+02    IPM1A31 -3.091378481537502e-06 5.038027532155311e-08 -2.601666267647948e-04 3.628835125717342e-05
3.009448681677640e+02       D148 -3.076282032037399e-06 5.038027532155311e-08 -2.492928223105821e-04 3.628835125717342e-05
3.010948681677639e+02    MQB1A31 -3.024605574397919e-06 6.370072019451115e-07 -2.473335324112002e-04 -1.010277497852851e-05
3.013636181677639e+02       D149 -2.853409888875196e-06 6.370072019451115e-07 -2.500486531866792e-04 -1.010277497852851e-05
3.013636181677639e+02   MBT1A31H -2.853409888875196e-06 6.370072019451115e-07 -2.500486531866792e-04 -1.010277497852851e-05
3.020651681677639e+02       D150 -2.406517486350606e-06 6.370072019451115e-07 -2.571362549728659e-04 -1.010277497852851e-05
3.020651681677639e+02    ITV1A31 -2.406517486350606e-06 6.370072019451115e-07 -2.571362549728659e-04 -1.010277497852851e-05
3.066097141677638e+02       D151 4.883910452201923e-07 6.370072019451115e-07 -3.030487805904370e-04 -1.010277497852851e-05
3.076113223577638e+02    MJD1A13 1.090572768294387e-06 5.361881418731208e-07 -3.089996066630750e-04 -1.677796575994589e-06
3.128265263577638e+02       D152 3.886903310543641e-06 5.361881418731208e-07 -3.177496580773882e-04 -1.677796575994589e-06
3.128265263577638e+02    IPM1A33 3.886903310543641e-06 5.361881418731208e-07 -3.177496580773882e-04 -1.677796575994589e-06
3.131261763577638e+02       D153 4.047572087255930e-06 5.361881418731208e-07 -3.182524098213851e-04 -1.677796575994589e-06
3.132761763577638e+02    MQB1A33 4.164773205553243e-06 1.028856786001871e-06 -3.156980648797592e-04 3.568590112663216e-05
3.137404163577638e+02       D154 4.642409679886767e-06 1.028856786001871e-06 -2.991312421407308e-04 3.568590112663216e-05
3.137404163577638e+02   MBT1A33V 4.642409679886767e-06 1.028856786001871e-06 -2.991312421407308e-04 3.568590112663216e-05
3.164833483577638e+02       D155 7.464493881628458e-06 1.028856786001871e-06 -2.012472419916554e-04 3.568590112663216e-05
3.164833483577638e+02    IPM1A34 7.464493881628458e-06 1.028856786001871e-06 -2.012472419916554e-04 3.568590112663216e-05
3.167829983577639e+02       D156 7.772790817553940e-06 1.028856786001871e-06 -1.905539617190594e-04 3.568590112663216e-05
3.169329983577638e+02    MQB1A34 7.780364671224424e-06 -9.281900557296907e-07 -1.886897510082786e-04 -1.075251000230047e-05
3.172017483577638e+02       D157 7.530913593747117e-06 -9.281900557296907e-07 -1.915794880713963e-04 -1.075251000230047e-05
3.172017483577638e+02   MBT1A34H 7.530913593747117e-06 -9.281900557296907e-07 -1.915794880713963e-04 -1.075251000230047e-05
3.204398070577638e+02       D158 4.525379708538114e-06 -9.281900557296907e-07 -2.263967466311823e-04 -1.075251000230047e-05
3.205898070577638e+02    MQB1A35 4.434113630248833e-06 -2.908666776925270e-07 -2.256408751019635e-04 2.081334957877573e-05
3.210540470577638e+02       D159 4.299081683796845e-06 -2.908666776925270e-07 -2.159784856935123e-04 2.081334957877573e-05
3.210540470577638e+02   MBT1A35V 4.299081683796845e-06 -2.908666776925270e-07 -2.159784856935123e-04 2.081334957877573e-05
3.261046450577638e+02       D160 2.830031023176326e-06 -2.908666776925270e-07 -1.108586239376470e-04 2.081334957877573e-05
3.271062532477638e+02    MJD1A14 2.489988159350994e-06 -4.024136501800812e-07 -8.844552581134590e-05 2.355680888144245e-05
3.323214572477638e+02       D161 3.913188812772443e-07 -4.024136501800812e-07 3.440803809438757e-05 2.355680888144245e-05
3.323214572477638e+02    IPM1A36 3.913188812772443e-07 -4.024136501800812e-07 3.440803809438757e-05 2.355680888144245e-05
3.326211072477638e+02       D162 2.707356310007753e-07 -4.024136501800812e-07 4.146683587571227e-05 2.355680888144245e-05
3.327711072477638e+02    MQB1A36 2.076263841475937e-07 -4.376317332028568e-07 4.542378281010157e-05 2.929022059497718e-05
3.330398572477637e+02       D163 9.001285584934637e-08 -4.376317332028568e-07 5.329552959500037e-05 2.929022059497718e-05
3.330398572477637e+02   MBT1A36H 9.001285584934637e-08 -4.376317332028568e-07 5.329552959500037e-05 2.929022059497718e-05
3.382859519477636e+02       D164 -2.205844660257938e-06 -4.376317332028568e-07 2.069548006201384e-04 2.929022059497718e-05
3.392875601377636e+02    MJD1A15 -2.649891800947509e-06 -5.016033085465848e-07 2.334835272863601e-04 2.322749220629280e-05
3.448024019377636e+02       D165 -5.416154693938501e-06 -5.016033085465848e-07 3.615794722147974e-04 2.322749220629280e-05
3.449524019377636e+02    MQB1A37 -5.546065308886019e-06 -1.233458387029509e-06 3.615055690174074e-04 -2.421126506302858e-05
3.454166419377636e+02       D166 -6.118686030480620e-06 -1.233458387029509e-06 3.502657313245466e-04 -2.421126506302858e-05
3.454166419377636e+02   MBT1A37V -6.118686030480620e-06 -1.233458387029509e-06 3.502657313245466e-04 -2.421126506302858e-05
3.481595719377636e+02       D167 -9.501976044015477e-06 -1.233458387029509e-06 2.838559260452136e-04 -2.421126506302858e-05
3.481595719377636e+02    IPM1A38 -9.501976044015477e-06 -1.233458387029509e-06 2.838559260452136e-04 -2.421126506302858e-05
3.484592219377637e+02       D168 -9.871581849688897e-06 -1.233458387029509e-06 2.766010204690766e-04 -2.421126506302858e-05
3.486092219377637e+02    MQL1A38 -9.804419686823178e-06 2.125220053989080e-06 2.798710937610106e-04 6.799661201439877e-05
3.488779719377636e+02       D169 -9.233266797313708e-06 2.125220053989080e-06 2.981451832398771e-04 6.799661201439877e-05
3.488779719377636e+02   MBT1A38H -9.233266797313708e-06 2.125220053989080e-06 2.981451832398771e-04 6.799661201439877e-05
3.518163801377636e+02       D170 -2.988502763867693e-06 2.125220053989080e-06 4.979469855552071e-04 6.799661201439877e-05
3.518163801377636e+02    IPM1A39 -2.988502763867693e-06 2.125220053989080e-06 4.979469855552071e-04 6.799661201439877e-05
3.521160301377637e+02       D171 -2.351680574689824e-06 2.125220053989080e-06 5.183221703453230e-04 6.799661201439877e-05
3.522660301377637e+02    MQB1A39 -2.061802525168186e-06 1.748118445905835e-06 5.220008063519839e-04 -1.904970711789959e-05
3.577808803377636e+02       D172 7.578808835859138e-06 1.748118445905835e-06 4.169445252428955e-04 -1.904970711789959e-05
3.587824885277636e+02    MJD1A16 9.337107100165475e-06 1.555797330840391e-06 3.920736240643277e-04 -3.018600738313749e-05
3.614649015277636e+02       D173 1.351039808577699e-05 1.555797330840391e-06 3.111022854417046e-04 -3.018600738313749e-05
3.616149015277635e+02    MQB1A40 1.364378577331368e-05 2.205261384729809e-07 3.088166344110142e-04 -3.262542884213569e-07
3.620791415277636e+02       D174 1.374616282783838e-05 2.205261384729809e-07 3.086651741201575e-04 -3.262542884213569e-07
3.620791415277636e+02   MBT1A40V 1.374616282783838e-05 2.205261384729809e-07 3.086651741201575e-04 -3.262542884213569e-07
3.640001515277636e+02       D175 1.416979574510636e-05 2.205261384729809e-07 3.080384363695571e-04 -3.262542884213569e-07
3.640001515277636e+02    IPM1R01 1.416979574510636e-05 2.205261384729809e-07 3.080384363695571e-04 -3.262542884213569e-07
3.642998015277636e+02       D176 1.423587640249980e-05 2.205261384729809e-07 3.079406742720317e-04 -3.262542884213569e-07
3.644498015277636e+02    MQB1R01 1.406172956062425e-05 -2.536903779016198e-06 3.123088230749010e-04 5.870845544848185e-05
3.647185515277636e+02       D177 1.337993667001377e-05 -2.536903779016198e-06 3.280867204766778e-04 5.870845544848185e-05
3.647185515277636e+02   MBT1R01H 1.337993667001377e-05 -2.536903779016198e-06 3.280867204766778e-04 5.870845544848185e-05
3.654201015277636e+02       D178 1.160017182384496e-05 -2.536903779016198e-06 3.692736373965601e-04 5.870845544848185e-05
3.654201015277636e+02    ITV1R01 1.160017182384496e-05 -2.536903779016198e-06 3.692736373965601e-04 5.870845544848185e-05
3.700001515277636e+02       D179 -1.897432923825417e-08 -2.536903779016198e-06 6.381612987733811e-04 5.870845544848185e-05
3.700001515277636e+02    IPM1R02 -1.897432923825417e-08 -2.536903779016198e-06 6.381612987733811e-04 5.870845544848185e-05
3.702998015277636e+02       D180 -7.791575466205085e-07 -2.536903779016198e-06 6.557532874485199e-04 5.870845544848185e-05
3.704498015277636e+02    MQL1R02 -1.177607479026665e-06 -2.793802009733283e-06 6.515753672976196e-04 -1.142327114014248e-04
3.709140415277636e+02       D181 -2.474602124025294e-06 -2.793802009733283e-06 5.985439733566200e-04 -1.142327114014248e-04
3.709140415277636e+02   MBT1R02V -2.474602124025294e-06 -2.793802009733283e-06 5.985439733566200e-04 -1.142327114014248e-04
3.745805715277636e+02       D182 -1.271816100677259e-05 -2.793802009733283e-06 1.797063100219573e-04 -1.142327114014248e-04
3.745805715277636e+02    IDA1R02 -1.271816100677259e-05 -2.793802009733283e-06 1.797063100219573e-04 -1.142327114014248e-04
3.760001515277636e+02       D183 -1.668418646374976e-05 -2.793802009733283e-06 1.754383757072260e-05 -1.142327114014248e-04
3.760001515277636e+02    IPM1R03 -1.668418646374976e-05 -2.793802009733283e-06 1.754383757072260e-05 -1.142327114014248e-04
3.762998015277636e+02       D184 -1.752134923596638e-05 -2.793802009733283e-06 -1.668599440071664e-05 -1.142327114014248e-04
3.764498015277636e+02    MQL1R03 -1.747157149505734e-05 3.454631733876310e-06 -3.441021986120176e-05 -1.231431286707890e-04
3.767185515277636e+02       D185 -1.654313921657824e-05 3.454631733876310e-06 -6.750493569147077e-05 -1.231431286707890e-04
3.767185515277636e+02   MBT1R03H -1.654313921657824e-05 3.454631733876310e-06 -6.750493569147077e-05 -1.231431286707890e-04
3.820001515277636e+02       D186 1.702843749062985e-06 3.454631733876310e-06 -7.178976840791138e-04 -1.231431286707890e-04
3.820001515277636e+02    IPM1R04 1.702843749062985e-06 3.454631733876310e-06 -7.178976840791138e-04 -1.231431286707890e-04
3.822998015277636e+02       D187 2.738024148119090e-06 3.454631733876310e-06 -7.547975225853182e-04 -1.231431286707890e-04
3.824498015277636e+02    MQL1R04 3.311562970272986e-06 4.217177644821344e-06 -7.589818854839081e-04 6.752468511041389e-05
3.829140415277636e+02       D188 5.269345520104922e-06 4.217177644821344e-06 -7.276342256682483e-04 6.752468511041389e-05
3.829140415277636e+02   MBT1R04V 5.269345520104922e-06 4.217177644821344e-06 -7.276342256682483e-04 6.752468511041389e-05
3.834195015277636e+02       D189 7.400960132456195e-06 4.217177644821344e-06 -6.935031983323404e-04 6.752468511041389e-05
3.834195015277636e+02    ITV1R04 7.400960132456195e-06 4.217177644821344e-06 -6.935031983323404e-04 6.752468511041389e-05
3.861093015277636e+02       D190 1.874432456149652e-05 4.217177644821344e-06 -5.118753003223511e-04 6.752468511041389e-05
3.862593015277636e+02    MQB1R05 1.960475260974369e-05 7.278326497158381e-06 -4.957288444585282e-04 1.473391005490124e-04
3.878096515277635e+02       D191 3.088870609461306e-05 7.278326497158381e-06 -2.673016699223699e-04 1.473391005490124e-04
3.878096515277635e+02    IPM1R06 3.088870609461306e-05 7.278326497158381e-06 -2.673016699223699e-04 1.473391005490124e-04
3.881093015277636e+02       D192 3.306965662948672e-05 7.278326497158381e-06 -2.231515084428554e-04 1.473391005490124e-04
3.882593015277636e+02    MQL1R06 3.312457476348290e-05 -6.549850864710934e-06 -2.077344765039788e-04 5.929847601934467e-05
3.885280515277635e+02       D193 3.136430234359212e-05 -6.549850864710934e-06 -1.917980110737826e-04 5.929847601934467e-05
3.885280515277635e+02   MBT1R06H 3.136430234359212e-05 -6.549850864710934e-06 -1.917980110737826e-04 5.929847601934467e-05
3.901093015277635e+02       D194 2.100735066376841e-05 -6.549850864710934e-06 -9.803229586819802e-05 5.929847601934467e-05
3.902593015277635e+02    MQL1R07 2.042783344318033e-05 -1.202332849490309e-06 -8.731995470227959e-05 8.308151171244589e-05
3.907235415277635e+02       D195 1.986966244113292e-05 -1.202332849490309e-06 -4.875019370489221e-05 8.308151171244589e-05
3.907235415277635e+02   MBT1R07V 1.986966244113292e-05 -1.202332849490309e-06 -4.875019370489221e-05 8.308151171244589e-05
3.911782775277634e+02       D196 1.932291841048710e-05 -1.202332849490309e-06 -1.097003939482191e-05 8.308151171244589e-05
3.921916280673635e+02    MXI1R01 1.728025607099193e-05 -2.729838692680316e-06 7.141337775254218e-05 8.203563656516055e-05
3.925693749073634e+02       D197 1.624906813112233e-05 -2.729838692680316e-06 1.024020802324163e-04 8.203563656516055e-05
3.935827254469634e+02    MXI1R02 1.279635089469980e-05 -3.907458929708368e-06 1.825903545017007e-04 7.893158383411489e-05
3.939530089169634e+02       D198 1.134948344332488e-05 -3.907458929708368e-06 2.118174152563930e-04 7.893158383411489e-05
3.939530089169634e+02    IPM1R08 1.134948344332488e-05 -3.907458929708368e-06 2.118174152563930e-04 7.893158383411489e-05
3.941764589169633e+02       D199 1.047636174548189e-05 -3.907458929708368e-06 2.294546776641190e-04 7.893158383411489e-05
3.944764589169633e+02    MQN1R08 1.017297010274150e-05 1.854838139839472e-06 2.335443028253762e-04 -5.202936709467815e-05
3.957593100169634e+02       D200 1.255245125075656e-05 1.854838139839472e-06 1.667983720156635e-04 -5.202936709467815e-05
3.957593100169634e+02    IPM1R09 1.255245125075656e-05 1.854838139839472e-06 1.667983720156635e-04 -5.202936709467815e-05
3.960577600169634e+02       D201 1.310602769359162e-05 1.854838139839472e-06 1.512702074062578e-04 -5.202936709467815e-05
3.962077600169633e+02    MQL1R09 1.306168783607093e-05 -2.443723087965677e-06 1.470722550967551e-04 -4.172281236523104e-06
3.963985140169633e+02       D202 1.259553788214921e-05 -2.443723087965677e-06 1.462763757617635e-04 -4.172281236523104e-06
3.963985140169633e+02   MBT1R09H 1.259553788214921e-05 -2.443723087965677e-06 1.462763757617635e-04 -4.172281236523104e-06
4.019630079169633e+02       D203 -1.002544334124967e-06 -2.443723087965677e-06 1.230597422720463e-04 -4.172281236523104e-06
4.019630079169633e+02    IPM1R10 -1.002544334124967e-06 -2.443723087965677e-06 1.230597422720463e-04 -4.172281236523104e-06
4.022614579169633e+02       D204 -1.731873489728274e-06 -2.443723087965677e-06 1.218145249370060e-04 -4.172281236523104e-06
4.024114579169633e+02    MQB1R10 -2.118633977909875e-06 -2.722741197306469e-06 1.198487523506313e-04 -2.199014415874164e-05
4.026022119169633e+02       D205 -2.638007752260791e-06 -2.722741197306469e-06 1.156540443917753e-04 -2.199014415874164e-05
4.026022119169633e+02   MBT1R10H -2.638007752260791e-06 -2.722741197306469e-06 1.156540443917753e-04 -2.199014415874164e-05
4.027980459169632e+02       D206 -3.171213051894081e-06 -2.722741197306469e-06 1.113476265005925e-04 -2.199014415874164e-05
4.027980459169632e+02   MBT1R10V -3.171213051894081e-06 -2.722741197306469e-06 1.113476265005925e-04 -2.199014415874164e-05
4.032753415269634e+02       D207 -4.470765472534853e-06 -2.722741197306469e-06 1.008518272303560e-04 -2.199014415874164e-05
4.042835950515633e+02    MXJ1R04 -7.048271980599425e-06 -2.238341705779898e-06 7.803911299792990e-05 -2.411851625086962e-05
4.076456183515634e+02       D208 -1.457362894879325e-05 -2.238341705779898e-06 -3.047900598923118e-06 -2.411851625086962e-05
4.076456183515634e+02   IPM1R10A -1.457362894879325e-05 -2.238341705779898e-06 -3.047900598923118e-06 -2.411851625086962e-05
4.081065387215634e+02       D209 -1.560532623600778e-05 -2.238341705779898e-06 -1.416461603312520e-05 -2.411851625086962e-05
4.091298578066634e+02    MXQ1R06 -1.621425367529418e-05 -6.295086472562929e-07 -3.906928652047818e-05 -2.247794498280093e-05
