0.000000000000000e+00      _BEG_ 5.251604272976662e-22 -2.219226321806267e-22 8.944667923005412e-22 8.893845946170153e-23
1.023319085100000e+00    MXQ1S01 -1.450284537814142e-11 -1.279840077234690e-11 1.253290242929703e-07 3.854406558703988e-07
4.385342385099980e+00         D0 -5.753136697760259e-11 -1.279840077234690e-11 1.421189490096525e-06 3.854406558703988e-07
4.385342385099980e+00    IPM1S00 -5.753136697760259e-11 -1.279840077234690e-11 1.421189490096525e-06 3.854406558703988e-07
4.846262755100013e+00         D1 -6.343041059680764e-11 -1.279840077234690e-11 1.598846939813364e-06 3.854406558703988e-07
5.854516279700013e+00    MXJ1S03 -5.984801200939607e-11 2.164373949399923e-11 1.832951824856767e-06 -5.105170416914407e-08
6.419949889699970e+00         D2 -4.760991425352325e-11 2.164373949399923e-11 1.804085475471757e-06 -5.105170416914407e-08
6.419949889699970e+00    IPM1S01 -4.760991425352325e-11 2.164373949399923e-11 1.804085475471757e-06 -5.105170416914407e-08
6.718399889700007e+00         D3 -4.115034020145788e-11 2.164373949399923e-11 1.788849094362475e-06 -5.105170416914407e-08
6.868399889700007e+00    MQB1S01 -3.833870041494567e-11 1.591318228950982e-11 1.761256351390594e-06 -3.161717476536176e-07
7.059153889699977e+00         D4 -3.530319724039468e-11 1.591318228950982e-11 1.700945325838685e-06 -3.161717476536176e-07
7.059153889699977e+00   MBT1S01H -3.530319724039468e-11 1.591318228950982e-11 1.700945325838685e-06 -3.161717476536176e-07
7.254987889699968e+00         D5 -3.218685509999875e-11 1.591318228950982e-11 1.639028147808689e-06 -3.161717476536176e-07
7.254987889699968e+00   MBT1S01V -3.218685509999875e-11 1.591318228950982e-11 1.639028147808689e-06 2.087109652602486e-06
7.748509889700009e+00         D6 -2.433334955019161e-11 1.591318228950982e-11 2.669062677780459e-06 2.087109652602486e-06
7.748509889700009e+00    ITV1S01 -2.433334955019161e-11 1.591318228950982e-11 2.669062677780459e-06 2.087109652602486e-06
1.262364978969998e+01         D7 5.324564036546437e-11 1.591318228950982e-11 1.284401422085792e-05 2.087109652602486e-06
1.262364978969998e+01    IPM1S02 5.324564036546437e-11 1.591318228950982e-11 1.284401422085792e-05 2.087109652602486e-06
1.292209978970001e+01         D8 5.799492962008470e-11 1.591318228950982e-11 1.346691209667721e-05 2.087109652602486e-06
1.307209978970002e+01    MQL1S02 5.901682208949159e-11 -2.340147636857825e-12 1.410313207974368e-05 6.429865803754760e-06
1.326285378969999e+01         D9 5.857042956704445e-11 -2.340147636857825e-12 1.532965470127293e-05 6.429865803754760e-06
1.326285378969999e+01   MBT1S02H 5.857042956704445e-11 -2.340147636857825e-12 1.532965470127293e-05 6.429865803754760e-06
1.345868778969998e+01        D10 5.811214909455455e-11 -2.340147636857825e-12 1.658884104108538e-05 6.429865803754760e-06
1.345868778969998e+01   MBT1S02V 5.811214909455455e-11 -2.340147636857825e-12 1.658884104108538e-05 9.724816824631757e-06
1.442995085970000e+01        D11 5.583925011647659e-11 -2.340147636857825e-12 2.603419648536507e-05 9.724816824631757e-06
1.442995085970000e+01    IPM1S03 5.583925011647659e-11 -2.340147636857825e-12 2.603419648536507e-05 9.724816824631757e-06
1.465340085969996e+01        D12 5.531634412718890e-11 -2.340147636857825e-12 2.820720680482872e-05 9.724816824631757e-06
1.495340085969996e+01    MQN1S03 5.922031507112568e-11 2.874360699713844e-11 2.870548498511148e-05 -6.447221699134871e-06
1.554713232970007e+01        D13 7.628629910641527e-11 2.874360699713844e-11 2.487756656826755e-05 -6.447221699134871e-06
1.656048286930007e+01    MXI1S05 1.050649215904965e-10 2.087319231395471e-11 1.835867333136822e-05 -6.494880919622750e-06
1.693822970930008e+01        D14 1.129497040278777e-10 2.087319231395471e-11 1.590525258780435e-05 -6.494880919622750e-06
1.795158024890008e+01    MXI1S06 1.210228220759697e-10 2.785791935317092e-13 9.186733847088856e-06 -7.116216951080256e-06
1.860505024890006e+01        D15 1.212048652213797e-10 2.785791935317092e-13 4.536499556066570e-06 -7.116216951080256e-06
1.890505024890006e+01    MQN1S04 1.275799330971168e-10 4.259876366568752e-11 2.213093760751853e-06 -8.248209608434059e-06
1.979975024890006e+01        D16 1.656930469483579e-10 4.259876366568752e-11 -5.166579375914100e-06 -8.248209608434059e-06
1.979975024890006e+01    ITV1S04 1.656930469483579e-10 4.259876366568752e-11 -5.166579375914100e-06 -8.248209608434059e-06
2.038040024890011e+01        D17 1.904280190709339e-10 4.259876366568752e-11 -9.955902285051731e-06 -8.248209608434059e-06
2.038040024890011e+01    IPM1S05 1.904280190709339e-10 4.259876366568752e-11 -9.955902285051731e-06 -8.248209608434059e-06
2.068005024890008e+01        D18 2.031927386038021e-10 4.259876366568752e-11 -1.242747829421869e-05 -8.248209608434059e-06
2.083005024890008e+01    MQL1S05 2.193693006534046e-10 1.748516428182537e-10 -1.307978078708694e-05 -3.844813236943763e-07
2.109880024890009e+01        D19 2.663606796608482e-10 1.748516428182537e-10 -1.318311014282980e-05 -3.844813236943763e-07
2.109880024890009e+01   MBT1S05H 2.663606796608482e-10 1.748516428182537e-10 -1.318311014282980e-05 -3.844813236943763e-07
2.129489024890011e+01        D20 3.006473383017306e-10 1.748516428182537e-10 -1.325850308559304e-05 -3.844813236943763e-07
2.129489024890011e+01   MBT1S05V 3.006473383017306e-10 1.748516428182537e-10 -1.325850308559304e-05 -3.844813236943763e-07
2.268005024890007e+01        D21 5.428448398671955e-10 1.748516428182537e-10 -1.379107123592153e-05 -3.844813236943763e-07
2.283005024890007e+01    MQB1S06 5.804218783384951e-10 3.279441026751055e-10 -1.357499649637027e-05 3.256046679296825e-06
2.638040024890011e+01        D22 1.744738223273014e-09 3.279441026751055e-10 -2.014891168528659e-06 3.256046679296825e-06
2.638040024890011e+01    IPM1S07 1.744738223273014e-09 3.279441026751055e-10 -2.014891168528659e-06 3.256046679296825e-06
2.668005024889996e+01        D23 1.843006673640443e-09 3.279441026751055e-10 -1.039216781077858e-06 3.256046679296825e-06
2.683005024889996e+01    MQL1S07 1.903725886758401e-09 4.825375961294508e-10 -5.455604072857994e-07 3.319482537976637e-06
2.729429024889998e+01        D24 2.127739140384303e-09 4.825375961294508e-10 9.954761661445345e-07 3.319482537976637e-06
2.729429024889998e+01   MBT1S07V 2.127739140384303e-09 4.825375961294508e-10 9.954761661445345e-07 3.319482537976637e-06
3.185811274890011e+01        D25 4.329955078690144e-09 4.825375961294508e-10 1.614500526131985e-05 3.319482537976637e-06
3.185811274890011e+01   MAZ1S08H 4.329955078690144e-09 4.825375961294508e-10 1.614500526131985e-05 3.319482537976637e-06
3.238040024890012e+01        D26 4.581978433425456e-09 4.825375961294508e-10 1.787872949737333e-05 3.319482537976637e-06
3.238040024890012e+01    IPM1S08 4.581978433425456e-09 4.825375961294508e-10 1.787872949737333e-05 3.319482537976637e-06
3.268005024889997e+01        D27 4.726570824113707e-09 4.825375961294508e-10 1.887341243987753e-05 3.319482537976637e-06
3.283005024889997e+01    MQL1S08 4.761460548690158e-09 -1.762146102362574e-11 1.951735602854496e-05 5.277447566502315e-06
3.309880024889998e+01        D28 4.756724781040597e-09 -1.762146102362574e-11 2.093567006204251e-05 5.277447566502315e-06
3.309880024889998e+01   MBT1S08H 4.756724781040597e-09 -1.762146102362574e-11 2.093567006204251e-05 5.277447566502315e-06
3.329489024890012e+01        D29 4.753269388759265e-09 -1.762146102362574e-11 2.197052475535869e-05 5.277447566502315e-06
3.329489024890012e+01   MBT1S08V 4.753269388759265e-09 -1.762146102362574e-11 2.197052475535869e-05 5.277447566502315e-06
3.795919204889998e+01        D30 4.671077576384915e-09 -1.762146102362574e-11 4.658613293920032e-05 5.277447566502315e-06
3.795919204889998e+01   MAZ1S09V 4.671077576384915e-09 -1.762146102362574e-11 4.658613293920032e-05 5.277447566502315e-06
3.838040024890012e+01        D31 4.663655272505764e-09 -1.762146102362574e-11 4.880903712928187e-05 5.277447566502315e-06
3.838040024890012e+01    IPM1S09 4.663655272505764e-09 -1.762146102362574e-11 4.880903712928187e-05 5.277447566502315e-06
3.868005024889997e+01        D32 4.658375001713975e-09 -1.762146102362574e-11 5.039042429258349e-05 5.277447566502315e-06
3.883005024889997e+01    MQL1S09 4.687841145689306e-09 4.111733348873166e-10 5.084392911103675e-05 7.625776337495432e-07
3.929429024889998e+01        D33 4.878724254671688e-09 4.111733348873166e-10 5.119794815172866e-05 7.625776337495432e-07
3.929429024889998e+01   MBT1S09V 4.878724254671688e-09 4.111733348873166e-10 5.119794815172866e-05 7.625776337495432e-07
4.438040024890012e+01        D34 6.969997064983427e-09 4.111733348873166e-10 5.507650188051864e-05 7.625776337495432e-07
4.438040024890012e+01    IPM1S10 6.969997064983427e-09 4.111733348873166e-10 5.507650188051864e-05 7.625776337495432e-07
4.468005024889997e+01        D35 7.093205154775663e-09 4.111733348873166e-10 5.530500826847158e-05 7.625776337495432e-07
4.483005024889997e+01    MQB1S10 7.120783685737181e-09 -4.352772294277738e-11 5.567696572659301e-05 4.200710619354146e-06
4.509880024889998e+01        D36 7.109085610201155e-09 -4.352772294277738e-11 5.680590670554450e-05 4.200710619354146e-06
4.509880024889998e+01   MBT1S10H 7.109085610201155e-09 -4.352772294277738e-11 5.680590670554450e-05 4.200710619354146e-06
4.529489024890012e+01        D37 7.100550259009700e-09 -4.352772294277738e-11 5.762962405089424e-05 4.200710619354146e-06
4.529489024890012e+01   MBT1S10V 7.100550259009700e-09 -4.352772294277738e-11 5.762962405089424e-05 4.200710619354146e-06
6.016205624890011e+01        D38 6.453416376403856e-09 -4.352772294277738e-11 1.200822861467951e-04 4.200710619354146e-06
6.016205624890011e+01   MAZ1E01H 6.453416376403856e-09 -4.352772294277738e-11 1.200822861467951e-04 4.200710619354146e-06
6.045415624890012e+01        D39 6.440701928541251e-09 -4.352772294277738e-11 1.213093137187085e-04 4.200710619354146e-06
6.045415624890012e+01   MAZ1E01V 6.440701928541251e-09 -4.352772294277738e-11 1.213093137187085e-04 4.200710619354146e-06
6.093046624890007e+01        D40 6.419969238830384e-09 -4.352772294277738e-11 1.233101541938129e-04 4.200710619354146e-06
6.093046624890007e+01    IPM1E01 6.419969238830384e-09 -4.352772294277738e-11 1.233101541938129e-04 4.200710619354146e-06
6.123005424890008e+01        D41 6.406928855361149e-09 -4.352772294277738e-11 1.245686366868440e-04 4.200710619354146e-06
6.138005424890008e+01    MQB1E01 6.433082250372445e-09 3.927436619946068e-10 1.245824671285784e-04 -4.016456263502861e-06
6.164880424890009e+01        D42 6.538632109521353e-09 3.927436619946068e-10 1.235030445077619e-04 -4.016456263502861e-06
6.164880424890009e+01   MBT1E01H 6.538632109521353e-09 3.927436619946068e-10 1.235030445077619e-04 -4.016456263502861e-06
6.184489424890012e+01        D43 6.615645214217737e-09 3.927436619946068e-10 1.227154575990515e-04 -4.016456263502861e-06
6.184489424890012e+01   MBT1E01V 6.615645214217737e-09 3.927436619946068e-10 1.227154575990515e-04 -4.016456263502861e-06
6.220869424890020e+01        D44 6.758525358427705e-09 3.927436619946068e-10 1.212542708103889e-04 -4.016456263502861e-06
6.220869424890020e+01    IHA1E01 6.758525358427705e-09 3.927436619946068e-10 1.212542708103889e-04 -4.016456263502861e-06
6.283065424890021e+01        D45 7.002796206454810e-09 3.927436619946068e-10 1.187561956727406e-04 -4.016456263502861e-06
6.333072272611611e+01    MBW1E01 -2.750729582140857e-08 2.082493302926324e-09 1.167502736416697e-04 -4.198501267983036e-06
6.908308572611598e+01        D46 -1.552803839793490e-08 2.082493302926324e-09 9.259897029227152e-05 -4.198501267983036e-06
7.008322268054798e+01    MBX1E02 8.131865020178514e-08 -2.819347146143362e-09 8.825319077123167e-05 -4.484394156094370e-06
7.583558568054798e+01        D47 6.510074199419721e-08 -2.819347146143362e-09 6.245732775029815e-05 -4.484394156094370e-06
7.633565415776388e+01    MBW1E03 1.273335589361407e-09 -8.700619784260096e-10 6.016499734422341e-05 -4.581921487361904e-06
7.748540525776389e+01        D48 2.729808725697447e-10 -8.700619784260096e-10 5.489692807401542e-05 -4.581921487361904e-06
7.748540525776389e+01    IPM1E02 2.729808725697447e-10 -8.700619784260096e-10 5.489692807401542e-05 -4.581921487361904e-06
7.778505525776390e+01        D49 1.226680072796693e-11 -8.700619784260096e-10 5.352395530032734e-05 -4.581921487361904e-06
7.793505525776391e+01    MQB1E02 -1.201821111726509e-10 -8.946152006346114e-10 5.309552503932828e-05 -1.135117131147580e-06
7.820380525776392e+01        D50 -3.606099463412948e-10 -8.946152006346114e-10 5.279046231033235e-05 -1.135117131147580e-06
7.820380525776392e+01   MBT1E02H -3.606099463412948e-10 -8.946152006346114e-10 5.279046231033235e-05 -1.135117131147580e-06
7.839989525776400e+01        D51 -5.360350410175962e-10 -8.946152006346114e-10 5.256787719208553e-05 -1.135117131147580e-06
7.839989525776400e+01   MBT1E02V -5.360350410175962e-10 -8.946152006346114e-10 5.256787719208553e-05 -1.135117131147580e-06
9.403540125776399e+01        D52 -1.452379637823659e-08 -8.946152006346114e-10 3.481974647732475e-05 -1.135117131147580e-06
9.403540125776399e+01    IPM1E03 -1.452379637823659e-08 -8.946152006346114e-10 3.481974647732475e-05 -1.135117131147580e-06
9.433505125776384e+01        D53 -1.479186782311469e-08 -8.946152006346114e-10 3.447960862897655e-05 -1.135117131147580e-06
9.448505125776384e+01    MQB1E03 -1.499442354463594e-08 -1.808464181761882e-09 3.414886476086196e-05 -3.271382159514651e-06
9.475380125776385e+01        D54 -1.548044829349261e-08 -1.808464181761882e-09 3.326968080549237e-05 -3.271382159514651e-06
9.475380125776385e+01   MBT1E03H -1.548044829349261e-08 -1.808464181761882e-09 3.326968080549237e-05 -3.271382159514651e-06
9.494989125776394e+01        D55 -1.583507003490720e-08 -1.808464181761882e-09 3.262819547783287e-05 -3.271382159514651e-06
9.494989125776394e+01   MBT1E03V -1.583507003490720e-08 -1.808464181761882e-09 3.262819547783287e-05 -3.271382159514651e-06
9.565144125776399e+01        D56 -1.710379808160870e-08 -1.808464181761882e-09 3.033315732382519e-05 -3.271382159514651e-06
9.565144125776399e+01    IHA1E03 -1.710379808160870e-08 -1.808464181761882e-09 3.033315732382519e-05 -3.271382159514651e-06
1.105854012577640e+02        D57 -4.411132983348203e-08 -1.808464181761882e-09 -1.852153299108023e-05 -3.271382159514651e-06
1.105854012577640e+02    IPM1A01 -4.411132983348203e-08 -1.808464181761882e-09 -1.852153299108023e-05 -3.271382159514651e-06
1.108850512577639e+02        D58 -4.465323612553792e-08 -1.808464181761882e-09 -1.950180265517849e-05 -3.271382159514651e-06
1.110350512577639e+02    MQB1A01 -4.459478085366017e-08 2.586626061155343e-09 -2.013822715124279e-05 -5.224794959700712e-06
1.113038012577640e+02        D59 -4.389962509973415e-08 2.586626061155343e-09 -2.154239079666301e-05 -5.224794959700712e-06
1.113038012577640e+02   MBT1A01H -4.389962509973415e-08 2.586626061155343e-09 -2.154239079666301e-05 -5.224794959700712e-06
1.114998912577640e+02        D60 -4.339241359539899e-08 2.586626061155343e-09 -2.256692084031057e-05 -5.224794959700712e-06
1.114998912577640e+02   MBT1A01V -4.339241359539899e-08 2.586626061155343e-09 -2.256692084031057e-05 -5.224794959700712e-06
1.120053512577640e+02        D61 -4.208497758652341e-08 2.586626061155343e-09 -2.520784570064104e-05 -5.224794959700712e-06
1.120053512577640e+02    ITV1A01 -4.208497758652341e-08 2.586626061155343e-09 -2.520784570064104e-05 -5.224794959700712e-06
1.137199712577640e+02        D62 -3.764989680954097e-08 2.586626061155343e-09 -3.416638363444307e-05 -5.224794959700712e-06
1.138699712577640e+02    MQB1A02 -3.714514184276511e-08 4.139924516572790e-09 -3.505764110087539e-05 -6.664833734801801e-06
1.165523912577640e+02        D63 -2.604012552101813e-08 4.139924516572790e-09 -5.293552440778238e-05 -6.664833734801801e-06
1.175539994477640e+02    MJD1A01 -9.649722995354705e-08 -9.792560974190010e-08 -5.889139852187811e-05 -5.125506386986351e-06
1.211438414477640e+02        D64 -4.480346966806280e-07 -9.792560974190010e-08 -7.729115662114986e-05 -5.125506386986351e-06
1.211438414477640e+02    SBC1A02 -4.480346966806280e-07 -9.792560974190010e-08 -7.729115662114986e-05 -5.125506386986351e-06
1.217358414477640e+02        D65 -5.060066576478319e-07 -9.792560974190010e-08 -8.032545640224601e-05 -5.125506386986351e-06
1.217358414477640e+02    SSS1A02 -5.060066576478319e-07 -9.792560974190010e-08 -8.032545640224601e-05 -5.125506386986351e-06
1.227691914477640e+02        D66 -6.071980864746302e-07 -9.792560974190010e-08 -8.562189842723824e-05 -5.125506386986351e-06
1.227691914477640e+02    IPM1A03 -6.071980864746302e-07 -9.792560974190010e-08 -8.562189842723824e-05 -5.125506386986351e-06
1.230688414477639e+02        D67 -6.365414954337786e-07 -9.792560974190010e-08 -8.715775641609823e-05 -5.125506386986351e-06
1.232188414477639e+02    MQB1A03 -6.594320725183517e-07 -2.079382074483699e-07 -8.683402976209694e-05 9.432923899222056e-06
1.236830814477639e+02        D68 -7.559653059441745e-07 -2.079382074483699e-07 -8.245488917112245e-05 9.432923899222056e-06
1.236830814477639e+02   MBT1A03V -7.559653059441745e-07 -2.079382074483699e-07 -8.245488917112245e-05 9.432923899222056e-06
1.264260014477640e+02        D69 -1.326323173918479e-06 -2.079382074483699e-07 -5.658113354946697e-05 9.432923899222056e-06
1.264260014477640e+02    IPM1A04 -1.326323173918479e-06 -2.079382074483699e-07 -5.658113354946697e-05 9.432923899222056e-06
1.267256514477639e+02        D70 -1.388631857780357e-06 -2.079382074483699e-07 -5.375455790306597e-05 9.432923899222056e-06
1.268756514477639e+02    MQL1A04 -1.384825130821934e-06 2.584882175183985e-07 -5.365851032034753e-05 -8.146942027627496e-06
1.271444014477639e+02        D71 -1.315356422363882e-06 2.584882175183985e-07 -5.584800099027205e-05 -8.146942027627496e-06
1.271444014477639e+02   MBT1A04H -1.315356422363882e-06 2.584882175183985e-07 -5.584800099027205e-05 -8.146942027627496e-06
1.278459514477639e+02        D72 -1.134014013363853e-06 2.584882175183985e-07 -6.156348816975410e-05 -8.146942027627496e-06
1.278459514477639e+02    ITV1A04 -1.134014013363853e-06 2.584882175183985e-07 -6.156348816975410e-05 -8.146942027627496e-06
1.300828204477639e+02        D73 -5.558097327316904e-07 2.584882175183985e-07 -7.978713023615126e-05 -8.146942027627496e-06
1.300828204477639e+02    IPM1A05 -5.558097327316904e-07 2.584882175183985e-07 -7.978713023615126e-05 -8.146942027627496e-06
1.303824704477639e+02        D74 -4.783537383523011e-07 2.584882175183985e-07 -8.222836141473001e-05 -8.146942027627496e-06
1.305324704477639e+02    MQB1A05 -4.442569045422051e-07 1.968996258445580e-07 -8.263983951074809e-05 2.669494633125988e-06
1.309967104477639e+02        D75 -3.528482222401276e-07 1.968996258445580e-07 -8.140055332226564e-05 2.669494633125988e-06
1.309967104477639e+02   MBT1A05V -3.528482222401276e-07 1.968996258445580e-07 -8.140055332226564e-05 2.669494633125988e-06
1.360473102477639e+02        D76 6.416129886704670e-07 1.968996258445580e-07 -6.791800426209844e-05 2.669494633125988e-06
1.370489184377639e+02    MJD1A02 9.585593256754393e-07 6.946878793831772e-08 -6.430144746340171e-05 4.489500884813997e-06
1.422641104377639e+02        D77 1.320852392781064e-06 6.946878793831772e-08 -4.088783836492683e-05 4.489500884813997e-06
1.422641104377639e+02    IPM1A06 1.320852392781064e-06 6.946878793831772e-08 -4.088783836492683e-05 4.489500884813997e-06
1.425637604377639e+02        D78 1.341668715086780e-06 6.946878793831772e-08 -3.954255942479248e-05 4.489500884813997e-06
1.427137604377639e+02    MQB1A06 1.338579965756865e-06 -1.105827552652816e-07 -3.925958454255258e-05 -7.102275989489996e-07
1.429825104377639e+02        D79 1.308860850279312e-06 -1.105827552652816e-07 -3.945045820977013e-05 -7.102275989489996e-07
1.429825104377639e+02   MBT1A06H 1.308860850279312e-06 -1.105827552652816e-07 -3.945045820977013e-05 -7.102275989489996e-07
1.482286114377639e+02        D80 7.287325472993614e-07 -1.105827552652816e-07 -4.317638392684409e-05 -7.102275989489996e-07
1.492302196277639e+02    MJD1A03 4.646746082911449e-07 -2.395035996842002e-07 -4.329254103451331e-05 4.799867937952781e-07
1.544454116277639e+02        D81 -7.843826487530774e-07 -2.395035996842002e-07 -4.078931774740652e-05 4.799867937952781e-07
1.544454116277639e+02    IPM1A07 -7.843826487530774e-07 -2.395035996842002e-07 -4.078931774740652e-05 4.799867937952781e-07
1.547450616277639e+02        D82 -8.561499023984455e-07 -2.395035996842002e-07 -4.064548970464579e-05 4.799867937952781e-07
1.548950616277639e+02    MQB1A07 -9.012501041900170e-07 -3.629006117601593e-07 -4.014948640367450e-05 6.121941711619527e-06
1.553593016277639e+02        D83 -1.069723084193557e-06 -3.629006117601593e-07 -3.730743618347214e-05 6.121941711619527e-06
1.553593016277639e+02   MBT1A07V -1.069723084193557e-06 -3.629006117601593e-07 -3.730743618347214e-05 6.121941711619527e-06
1.581022196277639e+02        D84 -2.065129704401485e-06 -3.629006117601593e-07 -2.051545206772032e-05 6.121941711619527e-06
1.581022196277639e+02    IPM1A08 -2.065129704401485e-06 -3.629006117601593e-07 -2.051545206772032e-05 6.121941711619527e-06
1.584018696277638e+02        D85 -2.173872872715392e-06 -3.629006117601593e-07 -1.868101223383410e-05 6.121941711619527e-06
1.585518696277638e+02    MQB1A08 -2.187605949483548e-06 1.803507902063548e-07 -1.810232972572100e-05 1.617804763848496e-06
1.588206196277638e+02        D86 -2.139136674615582e-06 1.803507902063548e-07 -1.766754469543670e-05 1.617804763848496e-06
1.588206196277638e+02   MBT1A08H -2.139136674615582e-06 1.803507902063548e-07 -1.766754469543670e-05 1.617804763848496e-06
1.617590383277638e+02        D87 -1.609190540113442e-06 1.803507902063548e-07 -1.291375692439510e-05 1.617804763848496e-06
1.617590383277638e+02    IPM1A09 -1.609190540113442e-06 1.803507902063548e-07 -1.291375692439510e-05 1.617804763848496e-06
1.620586883277637e+02        D88 -1.555148425828134e-06 1.803507902063548e-07 -1.242898172690804e-05 1.617804763848496e-06
1.622086883277638e+02    MQB1A09 -1.541931186826045e-06 -3.859920009794304e-09 -1.207747004049282e-05 3.062160582497197e-06
1.626729283277638e+02        D89 -1.543723116091384e-06 -3.859920009794304e-09 -1.065589261167427e-05 3.062160582497197e-06
1.626729283277638e+02   MBT1A09V -1.543723116091384e-06 -3.859920009794304e-09 -1.065589261167427e-05 3.062160582497197e-06
1.677235443277638e+02        D90 -1.563218089851576e-06 -3.859920009794304e-09 4.809904620855583e-06 3.062160582497197e-06
1.687251525177638e+02    MJD1A04 -1.390130009739167e-06 -1.117355909765925e-07 7.815550827352152e-06 2.888343416181190e-06
1.711079245177638e+02        D91 -1.656370447321630e-06 -1.117355909765925e-07 1.469781464581284e-05 2.888343416181190e-06
1.711079245177638e+02    IPM1A10 -1.656370447321630e-06 -1.117355909765925e-07 1.469781464581284e-05 2.888343416181190e-06
1.739403445177638e+02        D92 -1.972852569915547e-06 -1.117355909765925e-07 2.287881630467296e-05 2.888343416181190e-06
1.739403445177638e+02    IPM1A11 -1.972852569915547e-06 -1.117355909765925e-07 2.287881630467296e-05 2.888343416181190e-06
1.742399945177638e+02        D93 -2.006334139751683e-06 -1.117355909765925e-07 2.374430840933171e-05 2.888343416181190e-06
1.743899945177639e+02    MQB1A11 -1.994363896569288e-06 2.709617725502449e-07 2.451383906025571e-05 7.396303907773528e-06
1.746587445177638e+02        D94 -1.921542920196426e-06 2.709617725502449e-07 2.650159573546951e-05 7.396303907773528e-06
1.746587445177638e+02   MBT1A11H -1.921542920196426e-06 2.709617725502449e-07 2.650159573546951e-05 7.396303907773528e-06
1.799048405177637e+02        D95 -5.000514490676880e-07 2.709617725502449e-07 6.530331608082398e-05 7.396303907773528e-06
1.809064487077637e+02    MJD1A05 -5.152737166908478e-07 1.536056699467812e-07 7.182135550226278e-05 5.508652984595122e-06
1.861216407077637e+02        D96 2.858093443702446e-07 1.536056699467812e-07 1.005500384782994e-04 5.508652984595122e-06
1.861216407077637e+02    IPM1A13 2.858093443702446e-07 1.536056699467812e-07 1.005500384782994e-04 5.508652984595122e-06
1.864212907077637e+02        D97 3.318372833698009e-07 1.536056699467812e-07 1.022007063451334e-04 5.508652984595122e-06
1.865712907077638e+02    MQB1A13 3.584709484064595e-07 2.021376476282844e-07 1.019690597365880e-04 -8.591985775041356e-06
1.870355307077638e+02        D98 4.523113299414164e-07 2.021376476282844e-07 9.798031626038268e-05 -8.591985775041356e-06
1.870355307077638e+02   MBT1A13V 4.523113299414164e-07 2.021376476282844e-07 9.798031626038268e-05 -8.591985775041356e-06
1.897784507077638e+02        D99 1.006758726373992e-06 2.021376476282844e-07 7.441318663830599e-05 -8.591985775041356e-06
1.897784507077638e+02    IPM1A14 1.006758726373992e-06 2.021376476282844e-07 7.441318663830599e-05 -8.591985775041356e-06
1.900781007077638e+02       D100 1.067329272485810e-06 2.021376476282844e-07 7.183859810081467e-05 -8.591985775041356e-06
1.902281007077638e+02    MQB1A14 1.079994058463878e-06 -3.373029089787922e-08 7.170336425049199e-05 6.783974390007528e-06
1.904968507077638e+02       D101 1.070929042785072e-06 -3.373029089787922e-08 7.352655736780621e-05 6.783974390007528e-06
1.904968507077638e+02   MBT1A14H 1.070929042785072e-06 -3.373029089787922e-08 7.352655736780621e-05 6.783974390007528e-06
1.937348987077638e+02       D102 9.617087418037801e-07 -3.373029089787922e-08 9.549339207342150e-05 6.783974390007528e-06
1.938848987077638e+02    MQB1A15 9.659639525731620e-07 9.055856939767866e-08 9.560198131758226e-05 -5.338396761981541e-06
1.943491387077638e+02       D103 1.008004862830343e-06 9.055856939767866e-08 9.312368400479986e-05 -5.338396761981541e-06
1.943491387077638e+02   MBT1A15V 1.008004862830343e-06 9.055856939767866e-08 9.312368400479986e-05 -5.338396761981541e-06
1.993997487077638e+02       D104 1.465380879015946e-06 9.055856939767866e-08 6.616152393476847e-05 -5.338396761981541e-06
2.004013568977638e+02    MJD1A06 1.773537587042578e-06 -6.327272069488871e-08 5.989060681635373e-05 -7.073431676016684e-06
2.056165488977638e+02       D105 1.443558200256354e-06 -6.327272069488871e-08 2.300130252704492e-05 -7.073431676016684e-06
2.056165488977638e+02    IPM1A16 1.443558200256354e-06 -6.327272069488871e-08 2.300130252704492e-05 -7.073431676016684e-06
2.059161988977638e+02       D106 1.424598529500132e-06 -6.327272069488871e-08 2.088174872532638e-05 -7.073431676016684e-06
2.060661988977638e+02    MQB1A16 1.405952402300799e-06 -1.850770393273861e-07 1.995090835890916e-05 -5.350930023534911e-06
2.065304388977638e+02       D107 1.320032237563435e-06 -1.850770393273861e-07 1.746679260478321e-05 -5.350930023534911e-06
2.065304388977638e+02   MBT1A16H 1.320032237563435e-06 -1.850770393273861e-07 1.746679260478321e-05 -5.350930023534911e-06
2.115810488977638e+02       D108 3.852802919661665e-07 -1.850770393273861e-07 -9.558668081382226e-06 -5.350930023534911e-06
2.125826570877638e+02    MJD1A07 -7.896988264036003e-08 -3.270498140853326e-07 -1.479647784962417e-05 -5.015717416035854e-06
2.180975090877638e+02       D109 -1.882601203948469e-06 -3.270498140853326e-07 -4.245741707288434e-05 -5.015717416035854e-06
2.182475090877638e+02    MQB1A17 -1.954958092320308e-06 -6.396982898137045e-07 -4.269332728276477e-05 1.876551401411143e-06
2.187117490877638e+02       D110 -2.251931626383431e-06 -6.396982898137045e-07 -4.182215706017363e-05 1.876551401411143e-06
2.187117490877638e+02   MBT1A17V -2.251931626383431e-06 -6.396982898137045e-07 -4.182215706017363e-05 1.876551401411143e-06
2.214546790877638e+02       D111 -4.006579256462132e-06 -6.396982898137045e-07 -3.667490792470096e-05 1.876551401411143e-06
2.214546790877638e+02    IPM1A18 -4.006579256462132e-06 -6.396982898137045e-07 -3.667490792470096e-05 1.876551401411143e-06
2.217543290877638e+02       D112 -4.198264849004830e-06 -6.396982898137045e-07 -3.611259929726807e-05 1.876551401411143e-06
2.219043290877638e+02    MQB1A18 -4.230360897827650e-06 2.128206849463228e-07 -3.637123154088984e-05 -5.333662967762925e-06
2.221730790877638e+02       D113 -4.173165338748357e-06 2.128206849463228e-07 -3.780465346347588e-05 -5.333662967762925e-06
2.221730790877638e+02   MBT1A18H -4.173165338748357e-06 2.128206849463228e-07 -3.780465346347588e-05 -5.333662967762925e-06
2.251114839877638e+02       D114 -3.547811995280717e-06 2.128206849463228e-07 -5.347711486289911e-05 -5.333662967762925e-06
2.251114839877638e+02    IPM1A19 -3.547811995280717e-06 2.128206849463228e-07 -5.347711486289911e-05 -5.333662967762925e-06
2.254111339877638e+02       D115 -3.484040277036547e-06 2.128206849463228e-07 -5.507534697118937e-05 -5.333662967762925e-06
2.255611339877638e+02    MQB1A19 -3.475919663304424e-06 -1.044241918187634e-07 -5.550165675764016e-05 -3.440903476820446e-07
2.260253739877638e+02       D116 -3.524397550114367e-06 -1.044241918187634e-07 -5.566139726064808e-05 -3.440903476820446e-07
2.260253739877638e+02   MBT1A19V -3.524397550114367e-06 -1.044241918187634e-07 -5.566139726064808e-05 -3.440903476820446e-07
2.310759737877638e+02       D117 -4.051802352429367e-06 -1.044241918187634e-07 -5.739925990183292e-05 -3.440903476820446e-07
2.320775819777638e+02    MJD1A08 -4.162516538060072e-06 -1.614305385643881e-07 -5.695176993890375e-05 1.229992906529526e-06
2.372927639777638e+02       D118 -5.004406177031376e-06 -1.614305385643881e-07 -5.053713307264325e-05 1.229992906529526e-06
2.372927639777638e+02    IPM1A21 -5.004406177031376e-06 -1.614305385643881e-07 -5.053713307264325e-05 1.229992906529526e-06
2.375924139777638e+02       D119 -5.052778837912206e-06 -1.614305385643881e-07 -5.016856569820165e-05 1.229992906529526e-06
2.377424139777638e+02    MQB1A21 -5.042418212731173e-06 2.994176699589348e-07 -5.032201265459061e-05 -3.278259476992793e-06
2.380111639777638e+02       D120 -4.961949713929731e-06 2.994176699589348e-07 -5.120304488903228e-05 -3.278259476992793e-06
2.380111639777638e+02   MBT1A21H -4.961949713929731e-06 2.994176699589348e-07 -5.120304488903228e-05 -3.278259476992793e-06
2.387127139777638e+02       D121 -4.751893247570032e-06 2.994176699589348e-07 -5.350290782511656e-05 -3.278259476992793e-06
2.387127139777638e+02    ITV1A21 -4.751893247570032e-06 2.994176699589348e-07 -5.350290782511656e-05 -3.278259476992793e-06
2.388489979777638e+02       D122 -4.711087409837335e-06 2.994176699589348e-07 -5.394968213967920e-05 -3.278259476992793e-06
2.388489979777638e+02    IHA1A21 -4.711087409837335e-06 2.994176699589348e-07 -5.394968213967920e-05 -3.278259476992793e-06
2.442588329732222e+02       D123 -3.091287220634891e-06 2.994176699589348e-07 -7.168452498250785e-05 -3.278259476992793e-06
2.442588329732222e+02    ISR1A21 -3.091287220634891e-06 2.994176699589348e-07 -7.168452498250785e-05 -3.278259476992793e-06
2.432572347832221e+02       D124 -3.391183416919798e-06 2.994176699589348e-07 -6.840102622400143e-05 -3.278259476992793e-06
2.442588429732222e+02    MJD1A09 -3.020553550490228e-06 2.209783609133776e-07 -7.074516373697817e-05 -1.362781465609140e-06
2.494740741677638e+02       D125 -1.868100309336103e-06 2.209783609133776e-07 -7.785238414776611e-05 -1.362781465609140e-06
2.494740741677638e+02    IPM1A23 -1.868100309336103e-06 2.209783609133776e-07 -7.785238414776611e-05 -1.362781465609140e-06
2.497737241677638e+02       D126 -1.801884143488391e-06 2.209783609133776e-07 -7.826074161393591e-05 -1.362781465609140e-06
2.499237241677638e+02    MQB1A23 -1.781156724694464e-06 5.569928152875634e-08 -7.793618927400517e-05 5.685291234041144e-06
2.503879641677638e+02       D127 -1.755298890237546e-06 5.569928152875634e-08 -7.529684967151382e-05 5.685291234041144e-06
2.503879641677638e+02   MBT1A23V -1.755298890237546e-06 5.569928152875634e-08 -7.529684967151382e-05 5.685291234041144e-06
2.531308841677638e+02       D128 -1.602520216946670e-06 5.569928152875634e-08 -5.970255063983750e-05 5.685291234041144e-06
2.531308841677638e+02    IPM1A24 -1.602520216946670e-06 5.569928152875634e-08 -5.970255063983750e-05 5.685291234041144e-06
2.534305341677639e+02       D129 -1.585829927236567e-06 5.569928152875634e-08 -5.799895312155696e-05 5.685291234041144e-06
2.535805341677639e+02    MQB1A24 -1.553097434835516e-06 3.796428466332772e-07 -5.801162327334560e-05 -5.854652322921005e-06
2.538492841677638e+02       D130 -1.451068419802866e-06 3.796428466332772e-07 -5.958506108513035e-05 -5.854652322921005e-06
2.538492841677638e+02   MBT1A24H -1.451068419802866e-06 3.796428466332772e-07 -5.958506108513035e-05 -5.854652322921005e-06
2.570873497677638e+02       D131 -2.217599778335600e-07 3.796428466332772e-07 -7.854280937194094e-05 -5.854652322921005e-06
2.572373497677638e+02    MQB1A25 -1.675354716344068e-07 3.448510424831913e-07 -7.846770409752104e-05 6.854048118625421e-06
2.577015897677638e+02       D132 -7.441823671995584e-09 3.448510424831913e-07 -7.528578079893027e-05 6.854048118625421e-06
2.577015897677638e+02   MBT1A25V -7.441823671995584e-09 3.448510424831913e-07 -7.528578079893027e-05 6.854048118625421e-06
2.627521997677638e+02       D133 1.734266300004019e-06 3.448510424831913e-07 -4.066865683051979e-05 6.854048118625421e-06
2.637538079577638e+02    MJD1A10 1.957882807143497e-06 2.248450078320202e-07 -3.323103783997467e-05 7.871329681609750e-06
2.689689999577638e+02       D134 3.130492693228988e-06 2.248450078320202e-07 7.819457744919040e-06 7.871329681609750e-06
2.689689999577638e+02    IPM1A26 3.130492693228988e-06 2.248450078320202e-07 7.819457744919040e-06 7.871329681609750e-06
2.692686499577638e+02       D135 3.197867499825850e-06 2.248450078320202e-07 1.017810168401356e-05 7.871329681609750e-06
2.694186499577638e+02    MQB1A26 3.211132531301270e-06 -4.816730366015085e-08 1.142582995436755e-05 8.782682648765401e-06
2.698828899577638e+02       D136 3.188771342250082e-06 -4.816730366015085e-08 1.550310254723055e-05 8.782682648765401e-06
2.698828899577638e+02   MBT1A26H 3.188771342250082e-06 -4.816730366015085e-08 1.550310254723055e-05 8.782682648765401e-06
2.749334897577638e+02       D137 2.945497568017587e-06 -4.816730366015085e-08 5.986091777654803e-05 8.782682648765401e-06
2.759350979477638e+02    MJD1A11 2.847104597868749e-06 -1.726995962440732e-07 6.784589257327537e-05 7.024763913204819e-06
2.814499499477638e+02       D138 1.894691884122930e-06 -1.726995962440732e-07 1.065864258895408e-04 7.024763913204819e-06
2.815999499477638e+02    MQB1A27 1.886914824784871e-06 6.883944853496114e-08 1.066257997919674e-04 -6.500605275681934e-06
2.820641899477638e+02       D139 1.918872850372748e-06 6.883944853496114e-08 1.036079587987847e-04 -6.500605275681934e-06
2.820641899477638e+02   MBT1A27V 1.918872850372748e-06 6.883944853496114e-08 1.036079587987847e-04 -6.500605275681934e-06
2.848071199477638e+02       D140 2.107694638942751e-06 6.883944853496114e-08 8.577725356995846e-05 -6.500605275681934e-06
2.848071199477638e+02    IPM1A28 2.107694638942751e-06 6.883944853496114e-08 8.577725356995846e-05 -6.500605275681934e-06
2.851067699477638e+02       D141 2.128322379696258e-06 6.883944853496114e-08 8.382934719910025e-05 -6.500605275681934e-06
2.852567699477638e+02    MQB1A28 2.104045360094954e-06 -3.916624930884568e-07 8.420319140489235e-05 1.149871988417825e-05
2.855249079777639e+02       D142 1.999025750773308e-06 -3.916624930884568e-07 8.728643550215827e-05 1.149871988417825e-05
2.855249079777639e+02   MBT1A28H 1.999025750773308e-06 -3.916624930884568e-07 8.728643550215827e-05 1.149871988417825e-05
2.884639279777639e+02       D143 8.479218503364590e-07 -3.916624930884568e-07 1.210814032161562e-04 1.149871988417825e-05
2.884639279777639e+02    IPM1A29 8.479218503364590e-07 -3.916624930884568e-07 1.210814032161562e-04 1.149871988417825e-05
2.887635779777639e+02       D144 7.305601842824945e-07 -3.916624930884568e-07 1.245269946294504e-04 1.149871988417825e-05
2.889135779777639e+02    MQB1A29 6.792585443085716e-07 -2.935580920881309e-07 1.249602654608648e-04 -5.731667071982796e-06
2.944284179777639e+02       D145 -9.396673642627311e-07 -2.935580920881309e-07 9.335103862561111e-05 -5.731667071982796e-06
2.954300261677639e+02    MJD1A12 -1.199388672970292e-06 -3.935120837328607e-07 8.631030312349899e-05 -8.204637636485897e-06
2.987266881677639e+02       D146 -2.496665005953224e-06 -3.935120837328607e-07 5.926238600352637e-05 -8.204637636485897e-06
2.987266881677639e+02   MBT1A30V -2.496665005953224e-06 -3.935120837328607e-07 5.926238600352637e-05 -8.204637636485897e-06
3.006452181677639e+02       D147 -3.251629743957231e-06 -3.935120837328607e-07 4.352154255879884e-05 -8.204637636485897e-06
3.006452181677639e+02    IPM1A31 -3.251629743957231e-06 -3.935120837328607e-07 4.352154255879884e-05 -8.204637636485897e-06
3.009448681677640e+02       D148 -3.369545639847787e-06 -3.935120837328607e-07 4.106302289102567e-05 -8.204637636485897e-06
3.010948681677639e+02    MQB1A31 -3.380558296532492e-06 2.470184019063258e-07 4.040464341721170e-05 -5.944921077448893e-07
3.013636181677639e+02       D149 -3.314172101020168e-06 2.470184019063258e-07 4.024487366325529e-05 -5.944921077448893e-07
3.013636181677639e+02   MBT1A31H -3.314172101020168e-06 2.470184019063258e-07 4.024487366325529e-05 -5.944921077448893e-07
3.020651681677639e+02       D150 -3.140876341162794e-06 2.470184019063258e-07 3.982780772506686e-05 -5.944921077448893e-07
3.020651681677639e+02    ITV1A31 -3.140876341162794e-06 2.470184019063258e-07 3.982780772506686e-05 -5.944921077448893e-07
3.066097141677638e+02       D151 -2.018289850853021e-06 2.470184019063258e-07 3.712611099478331e-05 -5.944921077448893e-07
3.076113223577638e+02    MJD1A13 -1.808000438372535e-06 1.311763414846355e-07 3.601693211366649e-05 -1.601320032024775e-06
3.128265263577638e+02       D152 -1.123889057556496e-06 1.311763414846355e-07 2.766572147737081e-05 -1.601320032024775e-06
3.128265263577638e+02    IPM1A33 -1.123889057556496e-06 1.311763414846355e-07 2.766572147737081e-05 -1.601320032024775e-06
3.131261763577638e+02       D153 -1.084582066830626e-06 1.311763414846355e-07 2.718588592977456e-05 -1.601320032024775e-06
3.132761763577638e+02    MQB1A33 -1.074611450530947e-06 1.955496012138579e-09 2.670676231836878e-05 -4.777648954991938e-06
3.137404163577638e+02       D154 -1.073703631062278e-06 1.955496012138579e-09 2.448878656750324e-05 -4.777648954991938e-06
3.137404163577638e+02   MBT1A33V -1.073703631062278e-06 1.955496012138579e-09 2.448878656750324e-05 -4.777648954991938e-06
3.164833483577638e+02       D155 -1.068339838474708e-06 1.955496012138579e-09 1.138402036408929e-05 -4.777648954991938e-06
3.164833483577638e+02    IPM1A34 -1.068339838474708e-06 1.955496012138579e-09 1.138402036408929e-05 -4.777648954991938e-06
3.167829983577639e+02       D156 -1.067753874094645e-06 1.955496012138579e-09 9.952397854725860e-06 -4.777648954991938e-06
3.169329983577638e+02    MQB1A34 -1.047375482036060e-06 2.689096706575910e-07 9.415287900721638e-06 -2.406076689025243e-06
3.172017483577638e+02       D157 -9.751060080468479e-07 2.689096706575910e-07 8.768654790546211e-06 -2.406076689025243e-06
3.172017483577638e+02   MBT1A34H -9.751060080468479e-07 2.689096706575910e-07 8.768654790546211e-06 -2.406076689025243e-06
3.204398070577638e+02       D158 -1.043607094598897e-07 2.689096706575910e-07 9.776372347808536e-07 -2.406076689025243e-06
3.205898070577638e+02    MQB1A35 -6.507392497726027e-08 2.558530188668207e-07 6.077834624084683e-07 -2.516769984482534e-06
3.210540470577638e+02       D159 5.370328050147838e-08 2.558530188668207e-07 -5.606018351877489e-07 -2.516769984482534e-06
3.210540470577638e+02   MBT1A35V 5.370328050147838e-08 2.558530188668207e-07 -5.606018351877489e-07 -2.516769984482534e-06
3.261046450577638e+02       D160 1.345914025884186e-06 2.558530188668207e-07 -1.327179528527524e-05 -2.516769984482534e-06
3.271062532477638e+02    MJD1A14 1.394275138217417e-06 1.197733326851798e-07 -1.561333307258899e-05 -2.119114257287025e-06
3.323214572477638e+02       D161 2.018917501930504e-06 1.197733326851798e-07 -2.666494622364924e-05 -2.119114257287025e-06
3.323214572477638e+02    IPM1A36 2.018917501930504e-06 1.197733326851798e-07 -2.666494622364924e-05 -2.119114257287025e-06
3.326211072477638e+02       D162 2.054807581069624e-06 1.197733326851798e-07 -2.729993881084534e-05 -2.119114257287025e-06
3.327711072477638e+02    MQB1A36 2.052188435135088e-06 -1.546366104072307e-07 -2.788995123877673e-05 -5.760800759298310e-06
3.330398572477637e+02       D163 2.010629846088154e-06 -1.546366104072307e-07 -2.943816644283789e-05 -5.760800759298310e-06
3.330398572477637e+02   MBT1A36H 2.010629846088154e-06 -1.546366104072307e-07 -2.943816644283789e-05 -5.760800759298310e-06
3.382859519477636e+02       D164 1.199391543804827e-06 -1.546366104072307e-07 -5.965987277394821e-05 -5.760800759298310e-06
3.392875601377636e+02    MJD1A15 1.072819204233406e-06 -2.911816612289539e-07 -6.461588866177311e-05 -4.050128347201452e-06
3.448024019377636e+02       D165 -5.330015925054631e-07 -2.911816612289539e-07 -8.695170576628450e-05 -4.050128347201452e-06
3.449524019377636e+02    MQB1A37 -5.821503745643553e-07 -3.652218758680874e-07 -8.670435043213817e-05 7.342834532397101e-06
3.454166419377636e+02       D166 -7.517009782173710e-07 -3.652218758680874e-07 -8.329551292881800e-05 7.342834532397101e-06
3.454166419377636e+02   MBT1A37V -7.517009782173710e-07 -3.652218758680874e-07 -8.329551292881800e-05 7.342834532397101e-06
3.481595719377636e+02       D167 -1.753479018192193e-06 -3.652218758680874e-07 -6.315463180487002e-05 7.342834532397101e-06
3.481595719377636e+02    IPM1A38 -1.753479018192193e-06 -3.652218758680874e-07 -6.315463180487002e-05 7.342834532397101e-06
3.484592219377637e+02       D168 -1.862917753296077e-06 -3.652218758680874e-07 -6.095435143723709e-05 7.342834532397101e-06
3.486092219377637e+02    MQL1A38 -1.870913407908381e-06 2.590050289441679e-07 -6.135257240076086e-05 -1.267462567227957e-05
3.488779719377636e+02       D169 -1.801305806379657e-06 2.590050289441679e-07 -6.475887805018542e-05 -1.267462567227957e-05
3.488779719377636e+02   MBT1A38H -1.801305806379657e-06 2.590050289441679e-07 -6.475887805018542e-05 -1.267462567227957e-05
3.518163801377636e+02       D170 -1.040243305488854e-06 2.590050289441679e-07 -1.020021020575426e-04 -1.267462567227957e-05
3.518163801377636e+02    IPM1A39 -1.040243305488854e-06 2.590050289441679e-07 -1.020021020575426e-04 -1.267462567227957e-05
3.521160301377637e+02       D171 -9.626324485657255e-07 2.590050289441679e-07 -1.058000536402414e-04 -1.267462567227957e-05
3.522660301377637e+02    MQB1A39 -9.358431181616550e-07 9.894299171941045e-08 -1.063709561340838e-04 5.078352749837851e-06
3.577808803377636e+02       D172 -3.901873404892689e-07 9.894299171941045e-08 -7.836460145597042e-05 5.078352749837851e-06
3.587824885277636e+02    MJD1A16 6.271955737854624e-07 -1.627752901896750e-07 -7.218827929594703e-05 7.150877403761579e-06
3.614649015277636e+02       D173 1.905650193019109e-07 -1.627752901896750e-07 -5.300667278669094e-05 7.150877403761579e-06
3.616149015277635e+02    MQB1A40 1.648432556775187e-07 -1.797804178269668e-07 -5.231536100952055e-05 2.077779504607535e-06
3.620791415277636e+02       D174 8.138199450551109e-08 -1.797804178269668e-07 -5.135077265230152e-05 2.077779504607535e-06
3.620791415277636e+02   MBT1A40V 8.138199450551109e-08 -1.797804178269668e-07 -5.135077265230152e-05 2.077779504607535e-06
3.640001515277636e+02       D175 -2.639779859442640e-07 -1.797804178269668e-07 -4.735933744615535e-05 2.077779504607535e-06
3.640001515277636e+02    IPM1R01 -2.639779859442640e-07 -1.797804178269668e-07 -4.735933744615535e-05 2.077779504607535e-06
3.642998015277636e+02       D176 -3.178491881461014e-07 -1.797804178269668e-07 -4.673673081759967e-05 2.077779504607535e-06
3.644498015277636e+02    MQB1R01 -3.401272877677150e-07 -1.165209020396879e-07 -4.709401078380224e-05 -6.852985027162123e-06
3.647185515277636e+02       D177 -3.714422801908267e-07 -1.165209020396879e-07 -4.893575050985175e-05 -6.852985027162123e-06
3.647185515277636e+02   MBT1R01H -3.714422801908267e-07 -1.165209020396879e-07 -4.893575050985175e-05 -6.852985027162123e-06
3.654201015277636e+02       D178 -4.531875190167747e-07 -1.165209020396879e-07 -5.374346215565732e-05 -6.852985027162123e-06
3.654201015277636e+02    ITV1R01 -4.531875190167747e-07 -1.165209020396879e-07 -5.374346215565732e-05 -6.852985027162123e-06
3.700001515277636e+02       D179 -9.868590764036648e-07 -1.165209020396879e-07 -8.513047622931142e-05 -6.852985027162123e-06
3.700001515277636e+02    IPM1R02 -9.868590764036648e-07 -1.165209020396879e-07 -8.513047622931142e-05 -6.852985027162123e-06
3.702998015277636e+02       D180 -1.021774564699857e-06 -1.165209020396879e-07 -8.718397319270067e-05 -6.852985027162123e-06
3.704498015277636e+02    MQL1R02 -1.059645538734133e-06 -3.901083470845539e-07 -8.648657859638281e-05 1.612130633632963e-05
3.709140415277636e+02       D181 -1.240749437784674e-06 -3.901083470845539e-07 -7.900242334280485e-05 1.612130633632963e-05
3.709140415277636e+02   MBT1R02V -1.240749437784674e-06 -3.901083470845539e-07 -7.900242334280485e-05 1.612130633632963e-05
3.745805715277636e+02       D182 -2.671093395620600e-06 -3.901083470845539e-07 -1.989317002146265e-05 1.612130633632963e-05
3.745805715277636e+02    IDA1R02 -2.671093395620600e-06 -3.901083470845539e-07 -1.989317002146265e-05 1.612130633632963e-05
3.760001515277636e+02       D183 -3.224883402974887e-06 -3.901083470845539e-07 2.992314027464171e-06 1.612130633632963e-05
3.760001515277636e+02    IPM1R03 -3.224883402974887e-06 -3.901083470845539e-07 2.992314027464171e-06 1.612130633632963e-05
3.762998015277636e+02       D184 -3.341779369178784e-06 -3.901083470845539e-07 7.823063471145670e-06 1.612130633632963e-05
3.764498015277636e+02    MQL1R03 -3.312407970076590e-06 7.800502343896533e-07 1.046870892351118e-05 1.931113643524037e-05
3.767185515277636e+02       D185 -3.102769469584423e-06 7.800502343896533e-07 1.565857684048116e-05 1.931113643524037e-05
3.767185515277636e+02   MBT1R03H -3.102769469584423e-06 7.800502343896533e-07 1.565857684048116e-05 1.931113643524037e-05
3.820001515277636e+02       D186 1.017143848367980e-06 7.800502343896533e-07 1.176522750368473e-04 1.931113643524037e-05
3.820001515277636e+02    IPM1R04 1.017143848367980e-06 7.800502343896533e-07 1.176522750368473e-04 1.931113643524037e-05
3.822998015277636e+02       D187 1.250885901102856e-06 7.800502343896533e-07 1.234388570696675e-04 1.931113643524037e-05
3.824498015277636e+02    MQL1R04 1.392257425063966e-06 1.110892901565863e-06 1.239997972903362e-04 -1.185513313107381e-05
3.829140415277636e+02       D188 1.907978345686922e-06 1.110892901565863e-06 1.184961702855662e-04 -1.185513313107381e-05
3.829140415277636e+02   MBT1R04V 1.907978345686922e-06 1.110892901565863e-06 1.184961702855662e-04 -1.185513313107381e-05
3.834195015277636e+02       D189 2.469490271712368e-06 1.110892901565863e-06 1.125038746931340e-04 -1.185513313107381e-05
3.834195015277636e+02    ITV1R04 2.469490271712368e-06 1.110892901565863e-06 1.125038746931340e-04 -1.185513313107381e-05
3.861093015277636e+02       D190 5.457569998344183e-06 1.110892901565863e-06 8.061593759717205e-05 -1.185513313107381e-05
3.862593015277636e+02    MQB1R05 5.689694305518020e-06 1.990252266047899e-06 7.789064296629817e-05 -2.441085469433777e-05
3.878096515277635e+02       D191 8.775281906185359e-06 1.990252266047899e-06 4.004527439093209e-05 -2.441085469433777e-05
3.878096515277635e+02    IPM1R06 8.775281906185359e-06 1.990252266047899e-06 4.004527439093209e-05 -2.441085469433777e-05
3.881093015277636e+02       D192 9.371660997706654e-06 1.990252266047899e-06 3.273056178177329e-05 -2.441085469433777e-05
3.882593015277636e+02    MQL1R06 9.379969765930220e-06 -1.880061058618696e-06 3.004500892964356e-05 -1.158417555966001e-05
3.885280515277635e+02       D193 8.874703356426497e-06 -1.880061058618696e-06 2.693176174798545e-05 -1.158417555966001e-05
3.885280515277635e+02   MBT1R06H 8.874703356426497e-06 -1.880061058618696e-06 2.693176174798545e-05 -1.158417555966001e-05
3.901093015277635e+02       D194 5.901856807485828e-06 -1.880061058618696e-06 8.614284144273874e-06 -1.158417555966001e-05
3.902593015277635e+02    MQL1R07 5.731622004910991e-06 -3.970689943046978e-07 6.723085250510329e-06 -1.355214976274904e-05
3.907235415277635e+02       D195 5.547286694994966e-06 -3.970689943046978e-07 4.316352446514704e-07 -1.355214976274904e-05
3.907235415277635e+02   MBT1R07V 5.547286694994966e-06 -3.970689943046978e-07 4.316352446514704e-07 -1.355214976274904e-05
3.911782775277634e+02       D196 5.366725128800828e-06 -3.970689943046978e-07 -5.731015129861897e-06 -1.355214976274904e-05
3.921916280673635e+02    MXI1R01 4.737705794362149e-06 -8.134550265296123e-07 -1.922864308273267e-05 -1.365844371224906e-05
3.925693749073634e+02       D197 4.430425728608529e-06 -8.134550265296123e-07 -2.438807703435201e-05 -1.365844371224906e-05
3.935827254469634e+02    MXI1R02 3.423347282211124e-06 -1.128134620945267e-06 -3.748098449560587e-05 -1.244664883522586e-05
3.939530089169634e+02       D198 3.005617680140376e-06 -1.128134620945267e-06 -4.208977281618483e-05 -1.244664883522586e-05
3.939530089169634e+02    IPM1R08 3.005617680140376e-06 -1.128134620945267e-06 -4.208977281618483e-05 -1.244664883522586e-05
3.941764589169633e+02       D199 2.753535999090262e-06 -1.128134620945267e-06 -4.487097649841495e-05 -1.244664883522586e-05
3.944764589169633e+02    MQN1R08 2.639362767543599e-06 3.557164080495219e-07 -4.479903521166717e-05 1.291985961603390e-05
3.957593100169634e+02       D200 3.095693952897991e-06 3.557164080495219e-07 -2.822477909139225e-05 1.291985961603390e-05
3.957593100169634e+02    IPM1R09 3.095693952897991e-06 3.557164080495219e-07 -2.822477909139225e-05 1.291985961603390e-05
3.960577600169634e+02       D201 3.201857514880357e-06 3.557164080495219e-07 -2.436884698898719e-05 1.291985961603390e-05
3.962077600169633e+02    MQL1R09 3.177761877701862e-06 -6.757297627100812e-07 -2.300640325137059e-05 5.320394851649169e-06
3.963985140169633e+02       D202 3.048863722545887e-06 -6.757297627100812e-07 -2.199151665183926e-05 5.320394851649169e-06
3.963985140169633e+02   MBT1R09H 3.048863722545887e-06 -6.757297627100812e-07 -2.199151665183926e-05 5.320394851649169e-06
4.019630079169633e+02       D203 -7.112304201028034e-07 -6.757297627100812e-07 7.613788045753942e-06 5.320394851649169e-06
4.019630079169633e+02    IPM1R10 -7.112304201028034e-07 -6.757297627100812e-07 7.613788045753942e-06 5.320394851649169e-06
4.022614579169633e+02       D204 -9.129019677836031e-07 -6.757297627100812e-07 9.201659889228532e-06 5.320394851649169e-06
4.024114579169633e+02    MQB1R10 -1.024729825084913e-06 -8.180703390427219e-07 9.895223695740534e-06 3.910224297930250e-06
4.026022119169633e+02       D205 -1.180780014538643e-06 -8.180703390427219e-07 1.064111462146780e-05 3.910224297930250e-06
4.026022119169633e+02   MBT1R10H -1.180780014538643e-06 -8.180703390427219e-07 1.064111462146780e-05 3.910224297930250e-06
4.027980459169632e+02       D206 -1.340986001314727e-06 -8.180703390427219e-07 1.140686948662864e-05 3.910224297930250e-06
4.027980459169632e+02   MBT1R10V -1.340986001314727e-06 -8.180703390427219e-07 1.140686948662864e-05 3.910224297930250e-06
4.032753415269634e+02       D207 -1.731447382811100e-06 -8.180703390427219e-07 1.327320237814644e-05 3.910224297930250e-06
4.042835950515633e+02    MXJ1R04 -2.484810451786325e-06 -6.410852138928689e-07 1.687291113595504e-05 3.213903033954292e-06
4.076456183515634e+02       D208 -4.640153878179655e-06 -6.410852138928689e-07 2.767812802005016e-05 3.213903033954292e-06
4.076456183515634e+02   IPM1R10A -4.640153878179655e-06 -6.410852138928689e-07 2.767812802005016e-05 3.213903033954292e-06
4.081065387215634e+02       D209 -4.935643112168692e-06 -6.410852138928689e-07 2.915948139560452e-05 3.213903033954292e-06
4.091298578066634e+02    MXQ1R06 -5.064638790154279e-06 -1.358046844644282e-07 3.412018297411015e-05 3.410902417418040e-06
