0.000000000000000e+00      _BEG_ 5.251604272976662e-22 -2.219226321806267e-22 8.944667923005412e-22 8.893845946170153e-23
1.023319085100000e+00    MXQ1S01 -1.450284537814142e-11 -1.279840077234690e-11 1.253290242929703e-07 3.854406558703988e-07
4.385342385099980e+00         D0 -5.753136697760259e-11 -1.279840077234690e-11 1.421189490096525e-06 3.854406558703988e-07
4.385342385099980e+00    IPM1S00 -5.753136697760259e-11 -1.279840077234690e-11 1.421189490096525e-06 3.854406558703988e-07
4.846262755100013e+00         D1 -6.343041059680764e-11 -1.279840077234690e-11 1.598846939813364e-06 3.854406558703988e-07
5.854516279700013e+00    MXJ1S03 -5.984801200939607e-11 2.164373949399923e-11 1.832951824856767e-06 -5.105170416914407e-08
6.419949889699970e+00         D2 -4.760991425352325e-11 2.164373949399923e-11 1.804085475471757e-06 -5.105170416914407e-08
6.419949889699970e+00    IPM1S01 -4.760991425352325e-11 2.164373949399923e-11 1.804085475471757e-06 -5.105170416914407e-08
6.718399889700007e+00         D3 -4.115034020145788e-11 2.164373949399923e-11 1.788849094362475e-06 -5.105170416914407e-08
6.868399889700007e+00    MQB1S01 -3.833870041494567e-11 1.591318228950982e-11 1.761256351390594e-06 -3.161717476536176e-07
7.059153889699977e+00         D4 -3.530319724039468e-11 1.591318228950982e-11 1.700945325838685e-06 -3.161717476536176e-07
7.059153889699977e+00   MBT1S01H -3.530319724039468e-11 1.591318228950982e-11 1.700945325838685e-06 -3.161717476536176e-07
7.254987889699968e+00         D5 -3.218685509999875e-11 1.591318228950982e-11 1.639028147808689e-06 -3.161717476536176e-07
7.254987889699968e+00   MBT1S01V -3.218685509999875e-11 1.591318228950982e-11 1.639028147808689e-06 1.087628372433505e-05
7.748509889700009e+00         D6 -2.433334955019161e-11 1.591318228950982e-11 7.006713444010415e-06 1.087628372433505e-05
7.748509889700009e+00    ITV1S01 -2.433334955019161e-11 1.591318228950982e-11 7.006713444010415e-06 1.087628372433505e-05
1.262364978969998e+01         D7 5.324564036546437e-11 1.591318228950982e-11 6.003011819223647e-05 1.087628372433505e-05
1.262364978969998e+01    IPM1S02 5.324564036546437e-11 1.591318228950982e-11 6.003011819223647e-05 1.087628372433505e-05
1.292209978970001e+01         D8 5.799492962008470e-11 1.591318228950982e-11 6.327614506976467e-05 1.087628372433505e-05
1.307209978970002e+01    MQL1S02 5.901682028209947e-11 -2.340246105390009e-12 6.642721349076010e-05 3.130664756464143e-05
1.326285378969999e+01         D9 5.857040897639179e-11 -2.340246105390009e-12 7.239908174030477e-05 3.130664756464143e-05
1.326285378969999e+01   MBT1S02H 5.857040897639179e-11 -2.340246105390009e-12 7.239908174030477e-05 3.130664756464143e-05
1.345868778969998e+01        D10 5.811210922058020e-11 -2.340246105390009e-12 7.852998775947849e-05 3.130664756464143e-05
1.345868778969998e+01   MBT1S02V 5.811210922058020e-11 -2.340246105390009e-12 7.852998775947849e-05 -9.499111631069145e-06
1.442995085970000e+01        D11 5.583911460394441e-11 -2.340246105390009e-12 6.930385143441337e-05 -9.499111631069145e-06
1.442995085970000e+01    IPM1S03 5.583911460394441e-11 -2.340246105390009e-12 6.930385143441337e-05 -9.499111631069145e-06
1.465340085969996e+01        D12 5.531618661166809e-11 -2.340246105390009e-12 6.718127494045127e-05 -9.499111631069145e-06
1.495340085969996e+01    MQN1S03 5.922010016241420e-11 2.874354997812288e-11 5.884819616121293e-05 -4.531397224777172e-05
1.554713232970007e+01        D13 7.628605034395173e-11 2.874354997812288e-11 3.194386480699943e-05 -4.531397224777172e-05
1.656048286930007e+01    MXI1S05 1.050647721841710e-10 2.087324261737289e-11 -1.319794306370813e-05 -4.511013711976506e-05
1.693822970930008e+01        D14 1.129495736235098e-10 2.087324261737289e-11 -3.023815481266662e-05 -4.511013711976506e-05
1.795158024890008e+01    MXI1S06 1.210224743228256e-10 2.784838499482256e-13 -7.483926812565791e-05 -4.450996618708604e-05
1.860505024890006e+01        D15 1.212044551642189e-10 2.784838499482256e-13 -1.039251957299322e-04 -4.450996618708604e-05
1.890505024890006e+01    MQN1S04 1.275795013026511e-10 4.259857890942449e-11 -1.119127441672880e-04 -8.310811950072425e-06
1.979975024890006e+01        D16 1.656924498525802e-10 4.259857890942449e-11 -1.193484276190178e-04 -8.310811950072425e-06
1.979975024890006e+01    ITV1S04 1.656924498525802e-10 4.259857890942449e-11 -1.193484276190178e-04 -8.310811950072425e-06
2.038040024890011e+01        D17 1.904273146962786e-10 4.259857890942449e-11 -1.241741005778277e-04 -8.310811950072425e-06
2.038040024890011e+01    IPM1S05 1.904273146962786e-10 4.259857890942449e-11 -1.241741005778277e-04 -8.310811950072425e-06
2.068005024890008e+01        D18 2.031919788660975e-10 4.259857890942449e-11 -1.266644353786667e-04 -8.310811950072425e-06
2.083005024890008e+01    MQL1S05 2.033896011054983e-10 -3.997689039089073e-11 -1.316654240798546e-04 -5.870220264056966e-05
2.109880024890009e+01        D19 1.926458118132481e-10 -3.997689039089073e-11 -1.474416410395084e-04 -5.870220264056966e-05
2.109880024890009e+01   MBT1S05H 1.926458118132481e-10 -3.997689039089073e-11 -1.474416410395084e-04 -5.870220264056966e-05
2.129489024890011e+01        D20 1.848067433768788e-10 -3.997689039089073e-11 -1.589525559552993e-04 -5.870220264056966e-05
2.129489024890011e+01   MBT1S05V 1.848067433768788e-10 -3.997689039089073e-11 -1.589525559552993e-04 -5.870220264056966e-05
2.268005024890007e+01        D21 1.294323538825795e-10 -3.997689039089073e-11 -2.402644989649084e-04 -5.870220264056966e-05
2.283005024890007e+01    MQB1S06 1.260590387153009e-10 -5.156479835745135e-12 -2.442487323976789e-04 5.752990729902511e-06
2.638040024890011e+01        D22 1.077517305304214e-10 -5.156479835745135e-12 -2.238236017597693e-04 5.752990729902511e-06
2.638040024890011e+01    IPM1S07 1.077517305304214e-10 -5.156479835745135e-12 -2.238236017597693e-04 5.752990729902511e-06
2.668005024889996e+01        D23 1.062065913480753e-10 -5.156479835745135e-12 -2.220997180875549e-04 5.752990729902511e-06
2.683005024889996e+01    MQL1S07 1.060898129327142e-10 3.597850724288439e-12 -2.199074843363473e-04 2.344767983035186e-05
2.729429024889998e+01        D24 1.077600791531992e-10 3.597850724288439e-12 -2.090221334519044e-04 2.344767983035186e-05
2.729429024889998e+01   MBT1S07V 1.077600791531992e-10 3.597850724288439e-12 -2.090221334519044e-04 2.344767983035186e-05
3.185811274890011e+01        D25 1.241800312405401e-10 3.597850724288439e-12 -1.020110846693453e-04 2.344767983035186e-05
3.185811274890011e+01   MAZ1S08H 1.241800312405401e-10 3.597850724288439e-12 -1.020110846693453e-04 2.344767983035186e-05
3.238040024890012e+01        D26 1.260591437006302e-10 3.597850724288439e-12 -8.976465458995032e-05 2.344767983035186e-05
3.238040024890012e+01    IPM1S08 1.260591437006302e-10 3.597850724288439e-12 -8.976465458995032e-05 2.344767983035186e-05
3.268005024889997e+01        D27 1.271372396706308e-10 3.597850724288439e-12 -8.273855732878893e-05 2.344767983035186e-05
3.283005024889997e+01    MQL1S08 1.266709716077341e-10 -9.806666238398835e-12 -7.984701103578383e-05 1.515573441506979e-05
3.309880024889998e+01        D28 1.240354300560795e-10 -9.806666238398835e-12 -7.577390741173366e-05 1.515573441506979e-05
3.309880024889998e+01   MBT1S08H 1.240354300560795e-10 -9.806666238398835e-12 -7.577390741173366e-05 1.515573441506979e-05
3.329489024890012e+01        D29 1.221124408734759e-10 -9.806666238398835e-12 -7.280201945028051e-05 1.515573441506979e-05
3.329489024890012e+01   MBT1S08V 1.221124408734759e-10 -9.806666238398835e-12 -7.280201945028051e-05 1.515573441506979e-05
3.795919204889998e+01        D30 7.637118988522928e-11 -9.806666238398835e-12 -2.111100137750642e-06 1.515573441506979e-05
3.795919204889998e+01   MAZ1S09V 7.637118988522928e-11 -9.806666238398835e-12 -2.111100137750642e-06 1.515573441506979e-05
3.838040024890012e+01        D31 7.224054165126279e-11 -9.806666238398835e-12 4.272619474901034e-06 1.515573441506979e-05
3.838040024890012e+01    IPM1S09 7.224054165126279e-11 -9.806666238398835e-12 4.272619474901034e-06 1.515573441506979e-05
3.868005024889997e+01        D32 6.930197411292651e-11 -9.806666238398835e-12 8.814035292374409e-06 1.515573441506979e-05
3.883005024889997e+01    MQL1S09 6.830764944622876e-11 -3.466239402859967e-12 1.102349211458411e-05 1.427102012350087e-05
3.929429024889998e+01        D33 6.669848246599426e-11 -3.466239402859967e-12 1.764867049671841e-05 1.427102012350087e-05
3.929429024889998e+01   MBT1S09V 6.669848246599426e-11 -3.466239402859967e-12 1.764867049671841e-05 1.427102012350087e-05
4.438040024890012e+01        D34 4.906880757663305e-11 -3.466239402859967e-12 9.023264865705930e-05 1.427102012350087e-05
4.438040024890012e+01    IPM1S10 4.906880757663305e-11 -3.466239402859967e-12 9.023264865705930e-05 1.427102012350087e-05
4.468005024889997e+01        D35 4.803014893929082e-11 -3.466239402859967e-12 9.450895983706417e-05 1.427102012350087e-05
4.483005024889997e+01    MQB1S10 4.727871678232793e-11 -6.544896588680357e-12 9.709277682754677e-05 2.020665523648283e-05
4.509880024889998e+01        D36 4.551977582405642e-11 -6.544896588680357e-12 1.025233154223518e-04 2.020665523648283e-05
4.509880024889998e+01   MBT1S10H 4.551977582405642e-11 -6.544896588680357e-12 1.025233154223518e-04 2.020665523648283e-05
4.529489024890012e+01        D37 4.423638705230206e-11 -6.544896588680357e-12 1.064856384476765e-04 2.020665523648283e-05
4.529489024890012e+01   MBT1S10V 4.423638705230206e-11 -6.544896588680357e-12 1.064856384476765e-04 2.020665523648283e-05
6.016205624890011e+01        D38 -5.306767698463644e-11 -6.544896588680357e-12 4.069013361532360e-04 2.020665523648283e-05
6.016205624890011e+01   MAZ1E01H -5.306767698463644e-11 -6.544896588680357e-12 4.069013361532360e-04 2.020665523648283e-05
6.045415624890012e+01        D39 -5.497944127807813e-11 -6.544896588680357e-12 4.128037001478128e-04 2.020665523648283e-05
6.045415624890012e+01   MAZ1E01V -5.497944127807813e-11 -6.544896588680357e-12 4.128037001478128e-04 2.020665523648283e-05
6.093046624890007e+01        D40 -5.809684097201424e-11 -6.544896588680357e-12 4.224283321035010e-04 2.020665523648283e-05
6.093046624890007e+01    IPM1E01 -5.809684097201424e-11 -6.544896588680357e-12 4.224283321035010e-04 2.020665523648283e-05
6.123005424890008e+01        D41 -6.005761345123726e-11 -6.544896588680357e-12 4.284820035324885e-04 2.020665523648283e-05
6.138005424890008e+01    MQB1E01 -6.136345290717307e-11 -1.088201142092227e-11 4.292596356075094e-04 -9.847271603067313e-06
6.164880424890009e+01        D42 -6.428799347684940e-11 -1.088201142092227e-11 4.266131813641850e-04 -9.847271603067313e-06
6.164880424890009e+01   MBT1E01H -6.428799347684940e-11 -1.088201142092227e-11 4.266131813641850e-04 -9.847271603067313e-06
6.184489424890012e+01        D43 -6.642184709638733e-11 -1.088201142092227e-11 4.246822298755392e-04 -9.847271603067313e-06
6.184489424890012e+01   MBT1E01V -6.642184709638733e-11 -1.088201142092227e-11 4.246822298755392e-04 -9.847271603067313e-06
6.220869424890020e+01        D44 -7.038072285086021e-11 -1.088201142092227e-11 4.210997924663425e-04 -9.847271603067313e-06
6.220869424890020e+01    IHA1E01 -7.038072285086021e-11 -1.088201142092227e-11 4.210997924663425e-04 -9.847271603067313e-06
6.283065424890021e+01        D45 -7.714889867426681e-11 -1.088201142092227e-11 4.149751834200987e-04 -9.847271603067313e-06
6.333072272611611e+01    MBW1E01 4.929146066975281e-11 7.246577827731374e-10 4.100595326071450e-04 -1.048675075735761e-05
6.908308572611598e+01        D46 4.217786077956421e-09 7.246577827731374e-10 3.497359355603004e-04 -1.048675075735761e-05
7.008322268054798e+01    MBX1E02 3.938242440437750e-09 -2.144653481374655e-09 3.386948093145433e-04 -1.157502347031690e-05
7.583558568054798e+01        D47 -8.398582893643167e-09 -2.144653481374655e-09 2.721110725797607e-04 -1.157502347031690e-05
7.633565415776388e+01    MBW1E03 -9.347529352395404e-09 -1.316444607337238e-09 2.661048174226857e-04 -1.199976088608068e-05
7.748540525776389e+01        D48 -1.086111298776994e-08 -1.316444607337238e-09 2.523080791441774e-04 -1.199976088608068e-05
7.748540525776389e+01    IPM1E02 -1.086111298776994e-08 -1.316444607337238e-09 2.523080791441774e-04 -1.199976088608068e-05
7.778505525776390e+01        D49 -1.125558561435857e-08 -1.316444607337238e-09 2.487123507946631e-04 -1.199976088608068e-05
7.793505525776391e+01    MQB1E02 -1.139812335065855e-08 -5.825259150800595e-10 2.481174810709446e-04 4.061728985750928e-06
7.820380525776392e+01        D50 -1.155467719033676e-08 -5.825259150800595e-10 2.492090707358653e-04 4.061728985750928e-06
7.820380525776392e+01   MBT1E02H -1.155467719033676e-08 -5.825259150800595e-10 2.492090707358653e-04 4.061728985750928e-06
7.839989525776400e+01        D51 -1.166890469702497e-08 -5.825259150800595e-10 2.500055351726815e-04 4.061728985750928e-06
7.839989525776400e+01   MBT1E02V -1.166890469702497e-08 -5.825259150800595e-10 2.500055351726815e-04 4.061728985750928e-06
9.403540125776399e+01        D52 -2.077699213741399e-08 -5.825259150800595e-10 3.135127230997640e-04 4.061728985750928e-06
9.403540125776399e+01    IPM1E03 -2.077699213741399e-08 -5.825259150800595e-10 3.135127230997640e-04 4.061728985750928e-06
9.433505125776384e+01        D53 -2.095154602786727e-08 -5.825259150800595e-10 3.147298201903437e-04 4.061728985750928e-06
9.448505125776384e+01    MQB1E03 -2.113690768394870e-08 -1.890890503315433e-09 3.138708863646392e-04 -1.550530113425804e-05
9.475380125776385e+01        D54 -2.164508450671455e-08 -1.890890503315433e-09 3.097038366848071e-04 -1.550530113425804e-05
9.475380125776385e+01   MBT1E03H -2.164508450671455e-08 -1.890890503315433e-09 3.097038366848071e-04 -1.550530113425804e-05
9.494989125776394e+01        D55 -2.201586922551010e-08 -1.890890503315433e-09 3.066634021853893e-04 -1.550530113425804e-05
9.494989125776394e+01   MBT1E03V -2.201586922551010e-08 -1.890890503315433e-09 3.066634021853893e-04 -1.550530113425804e-05
9.565144125776399e+01        D56 -2.334242345811117e-08 -1.890890503315433e-09 2.957856581746496e-04 -1.550530113425804e-05
9.565144125776399e+01    IHA1E03 -2.334242345811117e-08 -1.890890503315433e-09 2.957856581746496e-04 -1.550530113425804e-05
1.105854012577640e+02        D57 -5.158090659900365e-08 -1.890890503315433e-09 6.423011124768537e-05 -1.550530113425804e-05
1.105854012577640e+02    IPM1A01 -5.158090659900365e-08 -1.890890503315433e-09 6.423011124768537e-05 -1.550530113425804e-05
1.108850512577639e+02        D58 -5.214751193832165e-08 -1.890890503315433e-09 5.958394776280641e-05 -1.550530113425804e-05
1.110350512577639e+02    MQB1A01 -5.204493094773506e-08 3.256957476960907e-09 5.769393930752916e-05 -9.726044313215974e-06
1.113038012577640e+02        D59 -5.116962362580166e-08 3.256957476960907e-09 5.508006489835115e-05 -9.726044313215974e-06
1.113038012577640e+02   MBT1A01H -5.116962362580166e-08 3.256957476960907e-09 5.508006489835115e-05 -9.726044313215974e-06
1.114998912577640e+02        D60 -5.053096683414423e-08 3.256957476960907e-09 5.317288486897293e-05 -9.726044313215974e-06
1.114998912577640e+02   MBT1A01V -5.053096683414423e-08 3.256957476960907e-09 5.317288486897293e-05 -9.726044313215974e-06
1.120053512577640e+02        D61 -4.888470510783959e-08 3.256957476960907e-09 4.825675851041451e-05 -9.726044313215974e-06
1.120053512577640e+02    ITV1A01 -4.888470510783959e-08 3.256957476960907e-09 4.825675851041451e-05 -9.726044313215974e-06
1.137199712577640e+02        D62 -4.330026067869309e-08 3.256957476960907e-09 3.158028841008814e-05 -9.726044313215974e-06
1.138699712577640e+02    MQB1A02 -4.267709503992268e-08 5.047602271247483e-09 3.021850898659913e-05 -8.440481343086114e-06
1.165523912577640e+02        D63 -2.913730575548293e-08 5.047602271247483e-09 7.577593022278165e-06 -8.440481343086114e-06
1.175539994477640e+02    MJD1A01 -5.350303583947823e-08 -8.188314197340533e-08 -9.954016666016964e-07 -8.531079613406637e-06
1.211438414477640e+02        D64 -3.474505779875701e-07 -8.188314197340533e-08 -3.162062956815243e-05 -8.531079613406637e-06
1.211438414477640e+02    SBC1A02 -3.474505779875701e-07 -8.188314197340533e-08 -3.162062956815243e-05 -8.531079613406637e-06
1.217358414477640e+02        D65 -3.959253980358292e-07 -8.188314197340533e-08 -3.667102869928951e-05 -8.531079613406637e-06
1.217358414477640e+02    SSS1A02 -3.959253980358292e-07 -8.188314197340533e-08 -3.667102869928951e-05 -8.531079613406637e-06
1.227691914477640e+02        D66 -4.805393427940461e-07 -8.188314197340533e-08 -4.548661981780308e-05 -8.531079613406637e-06
1.227691914477640e+02    IPM1A03 -4.805393427940461e-07 -8.188314197340533e-08 -4.548661981780308e-05 -8.531079613406637e-06
1.230688414477639e+02        D67 -5.050756262863692e-07 -8.188314197340533e-08 -4.804295782395958e-05 -8.531079613406637e-06
1.232188414477639e+02    MQB1A03 -5.238977449243709e-07 -1.696191234560259e-07 -4.871680436264438e-05 -4.349342191407745e-07
1.236830814477639e+02        D68 -6.026417267975907e-07 -1.696191234560259e-07 -4.891871822453828e-05 -4.349342191407745e-07
1.236830814477639e+02   MBT1A03V -6.026417267975907e-07 -1.696191234560259e-07 -4.891871822453828e-05 -4.349342191407745e-07
1.264260014477640e+02        D69 -1.067893412907617e-06 -1.696191234560259e-07 -5.011170799290395e-05 -4.349342191407745e-07
1.264260014477640e+02    IPM1A04 -1.067893412907617e-06 -1.696191234560259e-07 -5.011170799290395e-05 -4.349342191407745e-07
1.267256514477639e+02        D70 -1.118719783251199e-06 -1.696191234560259e-07 -5.024203603166945e-05 -4.349342191407745e-07
1.268756514477639e+02    MQL1A04 -1.115847245471889e-06 2.077619211781167e-07 -5.155131017853404e-05 -1.709494526872214e-05
1.271444014477639e+02        D71 -1.060011229155280e-06 2.077619211781167e-07 -5.614557671950235e-05 -1.709494526872214e-05
1.271444014477639e+02   MBT1A04H -1.060011229155280e-06 2.077619211781167e-07 -5.614557671950235e-05 -1.709494526872214e-05
1.278459514477639e+02        D72 -9.142558533527724e-07 2.077619211781167e-07 -6.813853557277431e-05 -1.709494526872214e-05
1.278459514477639e+02    ITV1A04 -9.142558533527724e-07 2.077619211781167e-07 -6.813853557277431e-05 -1.709494526872214e-05
1.300828204477639e+02        D73 -4.495196524889978e-07 2.077619211781167e-07 -1.063776887010757e-04 -1.709494526872214e-05
1.300828204477639e+02    IPM1A05 -4.495196524889978e-07 2.077619211781167e-07 -1.063776887010757e-04 -1.709494526872214e-05
1.303824704477639e+02        D74 -3.872637928079704e-07 2.077619211781167e-07 -1.115001890508486e-04 -1.709494526872214e-05
1.305324704477639e+02    MQB1A05 -3.599026254634316e-07 1.576681867413989e-07 -1.129623504856361e-04 -2.368815891389794e-06
1.309967104477639e+02        D75 -2.867067464506019e-07 1.576681867413989e-07 -1.140620495750549e-04 -2.368815891389794e-06
1.309967104477639e+02   MBT1A05V -2.867067464506019e-07 1.576681867413989e-07 -1.140620495750549e-04 -2.368815891389794e-06
1.360473102477639e+02        D76 5.096121659718709e-07 1.576681867413989e-07 -1.260259906423451e-04 -2.368815891389794e-06
1.370489184377639e+02    MJD1A02 6.347707575717614e-07 6.482705718670407e-08 -1.266621156552537e-04 1.109502197596764e-06
1.422641104377639e+02        D77 9.728563075954030e-07 6.482705718670407e-08 -1.208758486703647e-04 1.109502197596764e-06
1.422641104377639e+02    IPM1A06 9.728563075954030e-07 6.482705718670407e-08 -1.208758486703647e-04 1.109502197596764e-06
1.425637604377639e+02        D78 9.922817352813970e-07 6.482705718670407e-08 -1.205433863368548e-04 1.109502197596764e-06
1.427137604377639e+02    MQB1A06 9.919599084571969e-07 -6.911120559625455e-08 -1.215734407183482e-04 -1.486639994246879e-05
1.429825104377639e+02        D79 9.733862719532030e-07 -6.911120559625455e-08 -1.255687857028868e-04 -1.486639994246879e-05
1.429825104377639e+02   MBT1A06H 9.733862719532030e-07 -6.911120559625455e-08 -1.255687857028868e-04 -1.486639994246879e-05
1.482286114377639e+02        D80 6.108219071634843e-07 -6.911120559625455e-08 -2.035594213074726e-04 -1.486639994246879e-05
1.492302196277639e+02    MJD1A03 5.111817023734083e-07 -1.575878344754299e-07 -2.156636036890497e-04 -9.095698120234460e-06
1.544454116277639e+02        D81 -3.106691112801774e-07 -1.575878344754299e-07 -2.630994157601115e-04 -9.095698120234460e-06
1.544454116277639e+02    IPM1A07 -3.106691112801774e-07 -1.575878344754299e-07 -2.630994157601115e-04 -9.095698120234460e-06
1.547450616277639e+02        D82 -3.578903058807341e-07 -1.575878344754299e-07 -2.658249417018394e-04 -9.095698120234460e-06
1.548950616277639e+02    MQB1A07 -3.854444275295237e-07 -2.104587846493506e-07 -2.644098626862064e-04 2.793075480172445e-05
1.553593016277639e+02        D83 -4.831478137151425e-07 -2.104587846493506e-07 -2.514432890770533e-04 2.793075480172445e-05
1.553593016277639e+02   MBT1A07V -4.831478137151425e-07 -2.104587846493506e-07 -2.514432890770533e-04 2.793075480172445e-05
1.581022196277639e+02        D84 -1.060419002387964e-06 -2.104587846493506e-07 -1.748315189778177e-04 2.793075480172445e-05
1.581022196277639e+02    IPM1A08 -1.060419002387964e-06 -2.104587846493506e-07 -1.748315189778177e-04 2.793075480172445e-05
1.584018696277638e+02        D85 -1.123482977208121e-06 -2.104587846493506e-07 -1.664620683014836e-04 2.793075480172445e-05
1.585518696277638e+02    MQB1A08 -1.133775652589975e-06 7.364851162849278e-08 -1.653230329007655e-04 -1.269641750312831e-05
1.588206196277638e+02        D86 -1.113982615089816e-06 7.364851162849278e-08 -1.687351951047314e-04 -1.269641750312831e-05
1.588206196277638e+02   MBT1A08H -1.113982615089816e-06 7.364851162849278e-08 -1.687351951047314e-04 -1.269641750312831e-05
1.617590383277638e+02        D87 -8.975724512934807e-07 7.364851162849278e-08 -2.060425857189317e-04 -1.269641750312831e-05
1.617590383277638e+02    IPM1A09 -8.975724512934807e-07 7.364851162849278e-08 -2.060425857189317e-04 -1.269641750312831e-05
1.620586883277637e+02        D88 -8.755036747840095e-07 7.364851162849278e-08 -2.098470672237429e-04 -1.269641750312831e-05
1.622086883277638e+02    MQB1A09 -8.723321148965105e-07 -3.129727615758507e-08 -2.098961903971609e-04 1.204240010714894e-05
1.626729283277638e+02        D89 -8.868615623799081e-07 -3.129727615758507e-08 -2.043056265714178e-04 1.204240010714894e-05
1.626729283277638e+02   MBT1A09V -8.868615623799081e-07 -3.129727615758507e-08 -2.043056265714178e-04 1.204240010714894e-05
1.677235443277638e+02        D90 -1.044932086097829e-06 -3.129727615758507e-08 -1.434840879118490e-04 1.204240010714894e-05
1.687251525177638e+02    MJD1A04 -1.096480675808195e-06 -1.015096936331536e-07 -1.294203325292494e-04 1.579898413936583e-05
1.711079245177638e+02        D91 -1.338355131525846e-06 -1.015096936331536e-07 -9.177495549352549e-05 1.579898413936583e-05
1.711079245177638e+02    IPM1A10 -1.338355131525846e-06 -1.015096936331536e-07 -9.177495549352549e-05 1.579898413936583e-05
1.739403445177638e+02        D92 -1.625873217966270e-06 -1.015096936331536e-07 -4.702559683750182e-05 1.579898413936583e-05
1.739403445177638e+02    IPM1A11 -1.625873217966270e-06 -1.015096936331536e-07 -4.702559683750182e-05 1.579898413936583e-05
1.742399945177638e+02        D93 -1.656290597663447e-06 -1.015096936331536e-07 -4.229143124014053e-05 1.579898413936583e-05
1.743899945177639e+02    MQB1A11 -1.647705585753453e-06 2.157057959272750e-07 -4.050587490043372e-05 8.064672744184969e-06
1.746587445177638e+02        D94 -1.589734653098007e-06 2.157057959272750e-07 -3.833849410043437e-05 8.064672744184969e-06
1.746587445177638e+02   MBT1A11H -1.589734653098007e-06 2.157057959272750e-07 -3.833849410043437e-05 8.064672744184969e-06
1.799048405177637e+02        D95 -4.581213399071307e-07 2.157057959272750e-07 3.969553324142771e-06 8.064672744184969e-06
1.809064487077637e+02    MJD1A05 -2.703932503157156e-07 1.340282714008307e-07 1.200602343285768e-05 7.844762813113216e-06
1.861216407077637e+02        D96 4.285899184677255e-07 1.340282714008307e-07 5.291796769770323e-05 7.844762813113216e-06
1.861216407077637e+02    IPM1A13 4.285899184677255e-07 1.340282714008307e-07 5.291796769770323e-05 7.844762813113216e-06
1.864212907077637e+02        D97 4.687514899929871e-07 1.340282714008307e-07 5.526865087465276e-05 7.844762813113216e-06
1.865712907077638e+02    MQB1A13 4.938567271788086e-07 2.013006389184582e-07 5.587072517882410e-05 1.691486978861434e-07
1.870355307077638e+02        D98 5.873085357903172e-07 2.013006389184582e-07 5.594925077033077e-05 1.691486978861434e-07
1.870355307077638e+02   MBT1A13V 5.873085357903172e-07 2.013006389184582e-07 5.594925077033077e-05 1.691486978861434e-07
1.897784507077638e+02        D99 1.139460084292541e-06 2.013006389184582e-07 5.641321211673663e-05 1.691486978861434e-07
1.897784507077638e+02    IPM1A14 1.139460084292541e-06 2.013006389184582e-07 5.641321211673663e-05 1.691486978861434e-07
1.900781007077638e+02       D100 1.199779820744460e-06 2.013006389184582e-07 5.646389752405821e-05 1.691486978861434e-07
1.902281007077638e+02    MQB1A14 1.210193804966788e-06 -6.282474288966822e-08 5.740150015835747e-05 1.236614152965593e-05
1.904968507077638e+02       D101 1.193309655315193e-06 -6.282474288966822e-08 6.072490069445195e-05 1.236614152965593e-05
1.904968507077638e+02   MBT1A14H 1.193309655315193e-06 -6.282474288966822e-08 6.072490069445195e-05 1.236614152965593e-05
1.937348987077638e+02       D102 9.898801222507871e-07 -6.282474288966822e-08 1.007670605422716e-04 1.236614152965593e-05
1.938848987077638e+02    MQB1A15 9.900240019304335e-07 6.474762770522531e-08 1.016603007807117e-04 -4.750160988915402e-07
1.943491387077638e+02       D103 1.020082440616307e-06 6.474762770522531e-08 1.014397793069623e-04 -4.750160988915402e-07
1.943491387077638e+02   MBT1A15V 1.020082440616307e-06 6.474762770522531e-08 1.014397793069623e-04 -4.750160988915402e-07
1.993997487077638e+02       D104 1.347097456580593e-06 6.474762770522531e-08 9.904065824773972e-05 -4.750160988915402e-07
2.004013568977638e+02    MJD1A06 1.378140650189812e-06 -3.149011734609689e-08 9.719625221594040e-05 -3.176263218034872e-06
2.056165488977638e+02       D105 1.213913642127386e-06 -3.149011734609689e-08 8.063142969135069e-05 -3.176263218034872e-06
2.056165488977638e+02    IPM1A16 1.213913642127386e-06 -3.149011734609689e-08 8.063142969135069e-05 -3.176263218034872e-06
2.059161988977638e+02       D106 1.204477628464628e-06 -3.149011734609689e-08 7.967966241806647e-05 -3.176263218034872e-06
2.060661988977638e+02    MQB1A16 1.191985290795805e-06 -1.348957525582423e-07 7.970746519663887e-05 3.547359878278470e-06
2.065304388977638e+02       D107 1.129361286628165e-06 -1.348957525582423e-07 8.135429154653094e-05 3.547359878278470e-06
2.065304388977638e+02   MBT1A16H 1.129361286628165e-06 -1.348957525582423e-07 8.135429154653094e-05 3.547359878278470e-06
2.115810488977638e+02       D108 4.480554497999863e-07 -1.348957525582423e-07 9.927062282136282e-05 3.547359878278470e-06
2.125826570877638e+02    MJD1A07 2.818425851094951e-07 -2.257039805960774e-07 1.014586951582541e-04 7.842742346027460e-07
2.180975090877638e+02       D109 -9.628814636887419e-07 -2.257039805960774e-07 1.057838514895015e-04 7.842742346027460e-07
2.182475090877638e+02    MQB1A17 -1.008813325184701e-06 -3.879937129918813e-07 1.046218759182375e-04 -1.624623389368305e-05
2.187117490877638e+02       D110 -1.188935526504060e-06 -3.879937129918813e-07 9.707972429543382e-05 -1.624623389368305e-05
2.187117490877638e+02   MBT1A17V -1.188935526504060e-06 -3.879937129918813e-07 9.707972429543382e-05 -1.624623389368305e-05
2.214546790877638e+02       D111 -2.253175121680880e-06 -3.879937129918813e-07 5.251744196143378e-05 -1.624623389368305e-05
2.214546790877638e+02    IPM1A18 -2.253175121680880e-06 -3.879937129918813e-07 5.251744196143378e-05 -1.624623389368305e-05
2.217543290877638e+02       D112 -2.369437437778903e-06 -3.879937129918813e-07 4.764925797519133e-05 -1.624623389368305e-05
2.219043290877638e+02    MQB1A18 -2.391246750291771e-06 9.793632161110944e-08 4.591471820637193e-05 -6.939183261417505e-06
2.221730790877638e+02       D113 -2.364926363858792e-06 9.793632161110944e-08 4.404981270486629e-05 -6.939183261417505e-06
2.221730790877638e+02   MBT1A18H -2.364926363858792e-06 9.793632161110944e-08 4.404981270486629e-05 -6.939183261417505e-06
2.251114839877638e+02       D114 -2.077149796548731e-06 9.793632161110944e-08 2.365968260751897e-05 -6.939183261417505e-06
2.251114839877638e+02    IPM1A19 -2.077149796548731e-06 9.793632161110944e-08 2.365968260751897e-05 -6.939183261417505e-06
2.254111339877638e+02       D115 -2.047803177777959e-06 9.793632161110944e-08 2.158035634323508e-05 -6.939183261417505e-06
2.255611339877638e+02    MQB1A19 -2.011126078512969e-06 3.902198335020452e-07 2.076405161301086e-05 -3.964162193384647e-06
2.260253739877638e+02       D116 -1.829970423007973e-06 3.902198335020452e-07 1.892372895635391e-05 -3.964162193384647e-06
2.260253739877638e+02   MBT1A19V -1.829970423007973e-06 3.902198335020452e-07 1.892372895635391e-05 -3.964162193384647e-06
2.310759737877638e+02       D117 1.408737900334648e-07 3.902198335020452e-07 -1.097667824721915e-06 -3.964162193384647e-06
2.320775819777638e+02    MJD1A08 5.002435012395589e-07 3.024110496213532e-07 -5.059750447467495e-06 -3.879399157127170e-06
2.372927639777638e+02       D118 2.077372163825956e-06 3.024110496213532e-07 -2.529152310253240e-05 -3.879399157127170e-06
2.372927639777638e+02    IPM1A21 2.077372163825956e-06 3.024110496213532e-07 -2.529152310253240e-05 -3.879399157127170e-06
2.375924139777638e+02       D119 2.167989634845001e-06 3.024110496213532e-07 -2.645398505996563e-05 -3.879399157127170e-06
2.377424139777638e+02    MQB1A21 2.198383702203722e-06 1.023809579749189e-07 -2.721561774769793e-05 -6.287155369443607e-06
2.380111639777638e+02       D120 2.225898584659479e-06 1.023809579749189e-07 -2.890529075323562e-05 -6.287155369443607e-06
2.380111639777638e+02   MBT1A21H 2.225898584659479e-06 1.023809579749189e-07 -2.890529075323562e-05 -6.287155369443607e-06
2.387127139777638e+02       D121 2.297723945726784e-06 1.023809579749189e-07 -3.331604460266876e-05 -6.287155369443607e-06
2.387127139777638e+02    ITV1A21 2.297723945726784e-06 1.023809579749189e-07 -3.331604460266876e-05 -6.287155369443607e-06
2.388489979777638e+02       D122 2.311676832203442e-06 1.023809579749189e-07 -3.417288328503831e-05 -6.287155369443607e-06
2.388489979777638e+02    IHA1A21 2.311676832203442e-06 1.023809579749189e-07 -3.417288328503831e-05 -6.287155369443607e-06
2.442588329732222e+02       D123 2.865540921524709e-06 1.023809579749189e-07 -6.818535642453832e-05 -6.287155369443607e-06
2.442588329732222e+02    ISR1A21 2.865540921524709e-06 1.023809579749189e-07 -6.818535642453832e-05 -6.287155369443607e-06
2.432572347832221e+02       D124 2.762996339326565e-06 1.023809579749189e-07 -6.188815298625465e-05 -6.287155369443607e-06
2.442588429732222e+02    MJD1A09 2.822256160410040e-06 -1.399198364185387e-08 -6.734132456547064e-05 -4.508272657848924e-06
2.494740741677638e+02       D125 2.749284730847530e-06 -1.399198364185387e-08 -9.085300876418342e-05 -4.508272657848924e-06
2.494740741677638e+02    IPM1A23 2.749284730847530e-06 -1.399198364185387e-08 -9.085300876418342e-05 -4.508272657848924e-06
2.497737241677638e+02       D126 2.745092032949247e-06 -1.399198364185387e-08 -9.220391266610793e-05 -4.508272657848924e-06
2.499237241677638e+02    MQB1A23 2.761929924058352e-06 2.387561396199516e-07 -9.225595812504262e-05 3.815111775548348e-06
2.503879641677638e+02       D127 2.872770074315522e-06 2.387561396199516e-07 -9.048483063436199e-05 3.815111775548348e-06
2.503879641677638e+02   MBT1A23V 2.872770074315522e-06 2.387561396199516e-07 -9.048483063436199e-05 3.815111775548348e-06
2.531308841677638e+02       D128 3.527659064801887e-06 2.387561396199516e-07 -8.002028424297479e-05 3.815111775548348e-06
2.531308841677638e+02    IPM1A24 3.527659064801887e-06 2.387561396199516e-07 -8.002028424297479e-05 3.815111775548348e-06
2.534305341677639e+02       D129 3.599202342039011e-06 2.387561396199516e-07 -7.887708599943165e-05 3.815111775548348e-06
2.535805341677639e+02    MQB1A24 3.580094867899983e-06 -4.928815463674320e-07 -7.948474674515393e-05 -1.193765151904759e-05
2.538492841677638e+02       D130 3.447632952313755e-06 -4.928815463674320e-07 -8.269299059089742e-05 -1.193765151904759e-05
2.538492841677638e+02   MBT1A24H 3.447632952313755e-06 -4.928815463674320e-07 -8.269299059089742e-05 -1.193765151904759e-05
2.570873497677638e+02       D131 1.851650172146569e-06 -4.928815463674320e-07 -1.213478893195131e-04 -1.193765151904759e-05
2.572373497677638e+02    MQB1A25 1.800340042478373e-06 -1.926723206552388e-07 -1.216639352194408e-04 7.732150852178766e-06
2.577015897677638e+02       D132 1.710893844337379e-06 -1.926723206552388e-07 -1.180743615078251e-04 7.732150852178766e-06
2.577015897677638e+02   MBT1A25V 1.710893844337379e-06 -1.926723206552388e-07 -1.180743615078251e-04 7.732150852178766e-06
2.627521997677638e+02       D133 7.377810949128324e-07 -1.926723206552388e-07 -7.902228309230286e-05 7.732150852178766e-06
2.637538079577638e+02    MJD1A10 5.138990831689615e-07 -2.809098200045261e-07 -7.017327587991895e-05 9.785873747829080e-06
2.689689999577638e+02       D134 -9.510995628400831e-07 -2.809098200045261e-07 -1.913806539723071e-05 9.785873747829080e-06
2.689689999577638e+02    IPM1A26 -9.510995628400831e-07 -2.809098200045261e-07 -1.913806539723071e-05 9.785873747829080e-06
2.692686499577638e+02       D135 -1.035274190404445e-06 -2.809098200045261e-07 -1.620572832869353e-05 9.785873747829080e-06
2.694186499577638e+02    MQB1A26 -1.070645900928250e-06 -1.902070385439357e-07 -1.483751291586164e-05 8.476336746561088e-06
2.698828899577638e+02       D136 -1.158947616501890e-06 -1.902070385439357e-07 -1.090245834463797e-05 8.476336746561088e-06
2.698828899577638e+02   MBT1A26H -1.158947616501890e-06 -1.902070385439357e-07 -1.090245834463797e-05 8.476336746561088e-06
2.749334897577638e+02       D137 -2.119607247330473e-06 -1.902070385439357e-07 3.190812633227560e-05 8.476336746561088e-06
2.759350979477638e+02    MJD1A11 -2.321902523183813e-06 -2.526680141703447e-07 3.997175431728995e-05 7.486887501301191e-06
2.814499499477638e+02       D138 -3.715329226467166e-06 -2.526680141703447e-07 8.126083082761583e-05 7.486887501301191e-06
2.815999499477638e+02    MQB1A27 -3.789436983801721e-06 -7.370428109592502e-07 8.160952133144909e-05 -2.844998045970951e-06
2.820641899477638e+02       D139 -4.131601738361457e-06 -7.370428109592502e-07 8.028875943858748e-05 -2.844998045970951e-06
2.820641899477638e+02   MBT1A27V -4.131601738361457e-06 -7.370428109592502e-07 8.028875943858748e-05 -2.844998045970951e-06
2.848071199477638e+02       D140 -6.153258575825915e-06 -7.370428109592502e-07 7.248512894835240e-05 -2.844998045970951e-06
2.848071199477638e+02    IPM1A28 -6.153258575825915e-06 -7.370428109592502e-07 7.248512894835240e-05 -2.844998045970951e-06
2.851067699477638e+02       D141 -6.374113454129872e-06 -7.370428109592502e-07 7.163262528387713e-05 -2.844998045970951e-06
2.852567699477638e+02    MQB1A28 -6.379532136705548e-06 6.649913799222654e-07 7.236072300235852e-05 1.257931001392639e-05
2.855249079777639e+02       D142 -6.201222658126176e-06 6.649913799222654e-07 7.573371440825260e-05 1.257931001392639e-05
2.855249079777639e+02   MBT1A28H -6.201222658126176e-06 6.649913799222654e-07 7.573371440825260e-05 1.257931001392639e-05
2.884639279777639e+02       D143 -4.246799692707017e-06 6.649913799222654e-07 1.127045581253829e-04 1.257931001392639e-05
2.884639279777639e+02    IPM1A29 -4.246799692707017e-06 6.649913799222654e-07 1.127045581253829e-04 1.257931001392639e-05
2.887635779777639e+02       D144 -4.047535025713301e-06 6.649913799222654e-07 1.164739483710562e-04 1.257931001392639e-05
2.889135779777639e+02    MQB1A29 -3.990259195330639e-06 1.000368433118902e-07 1.171518836778879e-04 -3.555650281232806e-06
2.944284179777639e+02       D145 -3.438572010360494e-06 1.000368433118902e-07 9.754304128093391e-05 -3.555650281232806e-06
2.954300261677639e+02    MJD1A12 -3.351091187582225e-06 5.037059340464291e-08 9.262851536186243e-05 -6.173414882154643e-06
2.987266881677639e+02       D146 -3.185036366387691e-06 5.037059340464291e-08 7.227685310962893e-05 -6.173414882154643e-06
2.987266881677639e+02   MBT1A30V -3.185036366387691e-06 5.037059340464291e-08 7.227685310962893e-05 -6.173414882154643e-06
3.006452181677639e+02       D147 -3.088398871823077e-06 5.037059340464291e-08 6.043297145576860e-05 -6.173414882154643e-06
3.006452181677639e+02    IPM1A31 -3.088398871823077e-06 5.037059340464291e-08 6.043297145576860e-05 -6.173414882154643e-06
3.009448681677640e+02       D148 -3.073305323509376e-06 5.037059340464291e-08 5.858310768633084e-05 -6.173414882154643e-06
3.010948681677639e+02    MQB1A31 -3.021672019435758e-06 6.364428378739364e-07 5.847746949263938e-05 4.761578367881306e-06
3.013636181677639e+02       D149 -2.850628006757165e-06 6.364428378739364e-07 5.975714367900727e-05 4.761578367881306e-06
3.013636181677639e+02   MBT1A31H -2.850628006757165e-06 6.364428378739364e-07 5.975714367900727e-05 4.761578367881306e-06
3.020651681677639e+02       D150 -2.404131533846708e-06 6.364428378739364e-07 6.309762898299439e-05 4.761578367881306e-06
3.020651681677639e+02    ITV1A31 -2.404131533846708e-06 6.364428378739364e-07 6.309762898299439e-05 4.761578367881306e-06
3.066097141677638e+02       D151 4.882122192418872e-07 6.364428378739364e-07 8.473684090843552e-05 4.761578367881306e-06
3.076113223577638e+02    MJD1A13 1.089835034094399e-06 5.356307241302507e-07 8.834386443052443e-05 2.379079897867177e-06
3.128265263577638e+02       D152 3.883258529101365e-06 5.356307241302507e-07 1.007512514302008e-04 2.379079897867177e-06
3.128265263577638e+02    IPM1A33 3.883258529101365e-06 5.356307241302507e-07 1.007512514302008e-04 2.379079897867177e-06
3.131261763577638e+02       D153 4.043760275587004e-06 5.356307241302507e-07 1.014641427215968e-04 2.379079897867177e-06
3.132761763577638e+02    MQB1A33 4.160843836996319e-06 1.027844458721796e-06 1.009255802725247e-04 -9.549406775397145e-06
3.137404163577638e+02       D154 4.638010348513344e-06 1.027844458721796e-06 9.649236367111412e-05 -9.549406775397145e-06
3.137404163577638e+02   MBT1A33V 4.638010348513344e-06 1.027844458721796e-06 9.649236367111412e-05 -9.549406775397145e-06
3.164833483577638e+02       D155 7.457317805364043e-06 1.027844458721796e-06 7.029899024586047e-05 -9.549406775397145e-06
3.164833483577638e+02    IPM1A34 7.457317805364043e-06 1.027844458721796e-06 7.029899024586047e-05 -9.549406775397145e-06
3.167829983577639e+02       D156 7.765311397420046e-06 1.027844458721796e-06 6.743751050561253e-05 -9.549406775397145e-06
3.169329983577638e+02    MQB1A34 7.772871710122755e-06 -9.273577274119013e-07 6.724258051545434e-05 6.942262541450323e-06
3.172017483577638e+02       D157 7.523644320880842e-06 -9.273577274119013e-07 6.910831357346880e-05 6.942262541450323e-06
3.172017483577638e+02   MBT1A34H 7.523644320880842e-06 -9.273577274119013e-07 6.910831357346880e-05 6.942262541450323e-06
3.204398070577638e+02       D158 4.520805563622517e-06 -9.273577274119013e-07 9.158776719349607e-05 6.942262541450323e-06
3.205898070577638e+02    MQB1A35 4.429616857311853e-06 -2.906655695006179e-07 9.166947705648038e-05 -5.854683632159586e-06
3.210540470577638e+02       D159 4.294678273326883e-06 -2.906655695006179e-07 8.895149872708652e-05 -5.854683632159586e-06
3.210540470577638e+02   MBT1A35V 4.294678273326883e-06 -2.906655695006179e-07 8.895149872708652e-05 -5.854683632159586e-06
3.261046450577638e+02       D160 2.826643329338206e-06 -2.906655695006179e-07 5.938184528386863e-05 -5.854683632159586e-06
3.271062532477638e+02    MJD1A14 2.486840063925544e-06 -4.021342623704073e-07 5.268773224494077e-05 -7.397351765773441e-06
3.323214572477638e+02       D161 3.896278502743572e-07 -4.021342623704073e-07 1.410903372667228e-05 -7.397351765773441e-06
3.323214572477638e+02    IPM1A36 3.896278502743572e-07 -4.021342623704073e-07 1.410903372667228e-05 -7.397351765773441e-06
3.326211072477638e+02       D162 2.691283185550568e-07 -4.021342623704073e-07 1.189241727005812e-05 -7.397351765773441e-06
3.327711072477638e+02    MQB1A36 2.060767494410267e-07 -4.371433471728438e-07 1.089725095152746e-05 -5.893598351953637e-06
3.330398572477637e+02       D163 8.859447488834406e-08 -4.371433471728438e-07 9.313346394440189e-06 -5.893598351953637e-06
3.330398572477637e+02   MBT1A36H 8.859447488834406e-08 -4.371433471728438e-07 9.313346394440189e-06 -5.893598351953637e-06
3.382859519477636e+02       D164 -2.204700921855332e-06 -4.371433471728438e-07 -2.160502868367199e-05 -5.893598351953637e-06
3.392875601377636e+02    MJD1A15 -2.648236746991705e-06 -5.010630920453623e-07 -2.721968950668001e-05 -5.221507953001390e-06
3.448024019377636e+02       D165 -5.411520431440705e-06 -5.010630920453623e-07 -5.601547982492441e-05 -5.221507953001390e-06
3.449524019377636e+02    MQB1A37 -5.541304144426824e-06 -1.232303788677935e-06 -5.624669660660059e-05 2.143634435498674e-06
3.454166419377636e+02       D166 -6.113388855282691e-06 -1.232303788677935e-06 -5.525153575626465e-05 2.143634435498674e-06
3.454166419377636e+02   MBT1A37V -6.113388855282691e-06 -1.232303788677935e-06 -5.525153575626465e-05 2.143634435498674e-06
3.481595719377636e+02       D167 -9.493511886361065e-06 -1.232303788677935e-06 -4.937169655410227e-05 2.143634435498674e-06
3.481595719377636e+02    IPM1A38 -9.493511886361065e-06 -1.232303788677935e-06 -4.937169655410227e-05 2.143634435498674e-06
3.484592219377637e+02       D168 -9.862771716638434e-06 -1.232303788677935e-06 -4.872935649550505e-05 2.143634435498674e-06
3.486092219377637e+02    MQL1A38 -9.795656769780694e-06 2.123438486868100e-06 -4.962634938646476e-05 -1.415411420879979e-05
3.488779719377636e+02       D169 -9.224982676434984e-06 2.123438486868100e-06 -5.343026758007907e-05 -1.415411420879979e-05
3.488779719377636e+02   MBT1A38H -9.224982676434984e-06 2.123438486868100e-06 -5.343026758007907e-05 -1.415411420879979e-05
3.518163801377636e+02       D170 -2.985453614426104e-06 2.123438486868100e-06 -9.502083283495331e-05 -1.415411420879979e-05
3.518163801377636e+02    IPM1A39 -2.985453614426104e-06 2.123438486868100e-06 -9.502083283495331e-05 -1.415411420879979e-05
3.521160301377637e+02       D171 -2.349165271836035e-06 2.123438486868100e-06 -9.926211315762045e-05 -1.415411420879979e-05
3.522660301377637e+02    MQB1A39 -2.059524000855819e-06 1.746736320600948e-06 -1.001357228872911e-04 2.530106631709252e-06
3.577808803377636e+02       D172 7.573465146157427e-06 1.746736320600948e-06 -8.618256382338826e-05 2.530106631709252e-06
3.587824885277636e+02    MJD1A16 9.330448507062721e-06 1.554535925811330e-06 -8.245384145509059e-05 4.851431169559086e-06
3.614649015277636e+02       D173 1.350035588342600e-05 1.554535925811330e-06 -6.944029941726024e-05 4.851431169559086e-06
3.616149015277635e+02    MQB1A40 1.363362737248948e-05 2.202400896048582e-07 -6.921375583943178e-05 -1.827191052160013e-06
3.620791415277636e+02       D174 1.373587163168765e-05 2.202400896048582e-07 -7.006201101348659e-05 -1.827191052160013e-06
3.620791415277636e+02   MBT1A40V 1.373587163168765e-05 2.202400896048582e-07 -7.006201101348659e-05 -1.827191052160013e-06
3.640001515277636e+02       D175 1.415895504621949e-05 2.202400896048582e-07 -7.357206329659651e-05 -1.827191052160013e-06
3.640001515277636e+02    IPM1R01 1.415895504621949e-05 2.202400896048582e-07 -7.357206329659651e-05 -1.827191052160013e-06
3.642998015277636e+02       D176 1.422494998906959e-05 2.202400896048582e-07 -7.411958109537631e-05 -1.827191052160013e-06
3.644498015277636e+02    MQB1R01 1.405091643541118e-05 -2.535110790639888e-06 -7.545819346362620e-05 -1.606394437346661e-05
3.647185515277636e+02       D177 1.336960541042682e-05 -2.535110790639888e-06 -7.977537851399462e-05 -1.606394437346661e-05
3.647185515277636e+02   MBT1R01H 1.336960541042682e-05 -2.535110790639888e-06 -7.977537851399462e-05 -1.606394437346661e-05
3.654201015277636e+02       D178 1.159109843525341e-05 -2.535110790639888e-06 -9.104503868920008e-05 -1.606394437346661e-05
3.654201015277636e+02    ITV1R01 1.159109843525341e-05 -2.535110790639888e-06 -9.104503868920008e-05 -1.606394437346661e-05
3.700001515277636e+02       D179 -1.983574141688470e-08 -2.535110790639888e-06 -1.646187071168963e-04 -1.606394437346661e-05
3.700001515277636e+02    IPM1R02 -1.983574141688470e-08 -2.535110790639888e-06 -1.646187071168963e-04 -1.606394437346661e-05
3.702998015277636e+02       D180 -7.794816898321779e-07 -2.535110790639888e-06 -1.694322680484059e-04 -1.606394437346661e-05
3.704498015277636e+02    MQL1R02 -1.177667341307979e-06 -2.792059488329327e-06 -1.684861199402609e-04 2.863818402506294e-05
3.709140415277636e+02       D181 -2.473853038170035e-06 -2.792059488329327e-06 -1.551911293884652e-04 2.863818402506294e-05
3.709140415277636e+02   MBT1R02V -2.473853038170035e-06 -2.792059488329327e-06 -1.551911293884652e-04 2.863818402506294e-05
3.745805715277636e+02       D182 -1.271102291391408e-05 -2.792059488329327e-06 -5.018836851505197e-05 2.863818402506294e-05
3.745805715277636e+02    IDA1R02 -1.271102291391408e-05 -2.792059488329327e-06 -5.018836851505197e-05 2.863818402506294e-05
3.760001515277636e+02       D183 -1.667457472235662e-05 -2.792059488329327e-06 -9.534175236753118e-06 2.863818402506294e-05
3.760001515277636e+02    IPM1R03 -1.667457472235662e-05 -2.792059488329327e-06 -9.534175236753118e-06 2.863818402506294e-05
3.762998015277636e+02       D184 -1.751121534803457e-05 -2.792059488329327e-06 -9.527433936424336e-07 2.863818402506294e-05
3.764498015277636e+02    MQL1R03 -1.746144358392067e-05 3.452809863797024e-06 3.355214055945868e-06 2.905715234731623e-05
3.767185515277636e+02       D185 -1.653350093302538e-05 3.452809863797024e-06 1.116432374928580e-05 2.905715234731623e-05
3.767185515277636e+02   MBT1R03H -1.653350093302538e-05 3.452809863797024e-06 1.116432374928580e-05 2.905715234731623e-05
3.820001515277636e+02       D186 1.702859643605089e-06 3.452809863797024e-06 1.646325795868721e-04 2.905715234731623e-05
3.820001515277636e+02    IPM1R04 1.702859643605089e-06 3.452809863797024e-06 1.646325795868721e-04 2.905715234731623e-05
3.822998015277636e+02       D187 2.737494119291936e-06 3.452809863797024e-06 1.733395552877459e-04 2.905715234731623e-05
3.824498015277636e+02    MQL1R04 3.310747939226082e-06 4.215187412564254e-06 1.744163306439680e-04 -1.474468279312075e-05
3.829140415277636e+02       D188 5.267606543634989e-06 4.215187412564254e-06 1.675712591040893e-04 -1.474468279312075e-05
3.829140415277636e+02   MBT1R04V 5.267606543634989e-06 4.215187412564254e-06 1.675712591040893e-04 -1.474468279312075e-05
3.834195015277636e+02       D189 7.398215173189595e-06 4.215187412564254e-06 1.601184117394789e-04 -1.474468279312075e-05
3.834195015277636e+02    ITV1R04 7.398215173189595e-06 4.215187412564254e-06 1.601184117394789e-04 -1.474468279312075e-05
3.861093015277636e+02       D190 1.873622627550479e-05 4.215187412564254e-06 1.204581639625432e-04 -1.474468279312075e-05
3.862593015277636e+02    MQB1R05 1.959625839245841e-05 7.275027135249439e-06 1.168296293366363e-04 -3.354088080150236e-05
3.878096515277635e+02       D191 3.087509671159223e-05 7.275027135249439e-06 6.482952478602778e-05 -3.354088080150236e-05
3.878096515277635e+02    IPM1R06 3.087509671159223e-05 7.275027135249439e-06 6.482952478602778e-05 -3.354088080150236e-05
3.881093015277636e+02       D192 3.305505859266987e-05 7.275027135249439e-06 5.477899985385694e-05 -3.354088080150236e-05
3.882593015277636e+02    MQL1R06 3.310993428428419e-05 -6.547114539686863e-06 5.139263626981246e-05 -1.184724866671920e-05
3.885280515277635e+02       D193 3.135039725174364e-05 -6.547114539686863e-06 4.820868819063221e-05 -1.184724866671920e-05
3.885280515277635e+02   MBT1R06H 3.135039725174364e-05 -6.547114539686863e-06 4.820868819063221e-05 -1.184724866671920e-05
3.901093015277635e+02       D194 2.099777238586424e-05 -6.547114539686863e-06 2.947522623638330e-05 -1.184724866671920e-05
3.902593015277635e+02    MQL1R07 2.041848388195250e-05 -1.202009742882126e-06 2.714588707048209e-05 -1.911248971528338e-05
3.907235415277635e+02       D195 1.986046287891687e-05 -1.202009742882126e-06 1.827310484505859e-05 -1.911248971528338e-05
3.907235415277635e+02   MBT1R07V 1.986046287891687e-05 -1.202009742882126e-06 1.827310484505859e-05 -1.911248971528338e-05
3.911782775277634e+02       D196 1.931386577647764e-05 -1.202009742882126e-06 9.581967721889596e-06 -1.911248971528338e-05
3.921916280673635e+02    MXI1R01 1.727196193520835e-05 -2.728814541964234e-06 -9.596732892718022e-06 -1.948465025492100e-05
3.925693749073634e+02       D197 1.624116086503543e-05 -2.728814541964234e-06 -1.695699795501875e-05 -1.948465025492100e-05
3.935827254469634e+02    MXI1R02 1.278956107843639e-05 -3.905817614050071e-06 -3.593313428752666e-05 -1.842175303450730e-05
3.939530089169634e+02       D198 1.134330137911879e-05 -3.905817614050071e-06 -4.275440492462712e-05 -1.842175303450730e-05
3.939530089169634e+02    IPM1R08 1.134330137911879e-05 -3.905817614050071e-06 -4.275440492462712e-05 -1.842175303450730e-05
3.941764589169633e+02       D199 1.047054643325964e-05 -3.905817614050071e-06 -4.687074564018617e-05 -1.842175303450730e-05
3.944764589169633e+02    MQN1R08 1.016716966017343e-05 1.853297751001071e-06 -4.837565971048886e-05 8.522139086871952e-06
3.957593100169634e+02       D200 1.254467471867271e-05 1.853297751001071e-06 -3.744302420854200e-05 8.522139086871952e-06
3.957593100169634e+02    IPM1R09 1.254467471867271e-05 1.853297751001071e-06 -3.744302420854200e-05 8.522139086871952e-06
3.960577600169634e+02       D201 1.309779143245894e-05 1.853297751001071e-06 -3.489959179806524e-05 8.522139086871952e-06
3.962077600169633e+02    MQL1R09 1.305341959309711e-05 -2.442607090391363e-06 -3.445750059372637e-05 -2.603454762509951e-06
3.963985140169633e+02       D202 1.258748252017668e-05 -2.442607090391363e-06 -3.495412000349411e-05 -2.603454762509951e-06
3.963985140169633e+02   MBT1R09H 1.258748252017668e-05 -2.442607090391363e-06 -3.495412000349411e-05 -2.603454762509951e-06
4.019630079169633e+02       D203 -1.004389734402810e-06 -2.442607090391363e-06 -4.944102814840669e-05 -2.603454762509951e-06
4.019630079169633e+02    IPM1R10 -1.004389734402810e-06 -2.442607090391363e-06 -4.944102814840669e-05 -2.603454762509951e-06
4.022614579169633e+02       D204 -1.733385820530064e-06 -2.442607090391363e-06 -5.021802922227773e-05 -2.603454762509951e-06
4.024114579169633e+02    MQB1R10 -2.119994979266243e-06 -2.721835692886842e-06 -5.005401081760497e-05 4.786366687005396e-06
4.026022119169633e+02       D205 -2.639196025027099e-06 -2.721835692886842e-06 -4.914099222659208e-05 4.786366687005396e-06
4.026022119169633e+02   MBT1R10H -2.639196025027099e-06 -2.721835692886842e-06 -4.914099222659208e-05 4.786366687005396e-06
4.027980459169632e+02       D206 -3.172223996107877e-06 -2.721835692886842e-06 -4.820365889280911e-05 4.786366687005396e-06
4.027980459169632e+02   MBT1R10V -3.172223996107877e-06 -2.721835692886842e-06 -4.820365889280911e-05 4.786366687005396e-06
4.032753415269634e+02       D207 -4.471344223464326e-06 -2.721835692886842e-06 -4.591914708525075e-05 4.786366687005396e-06
4.042835950515633e+02    MXJ1R04 -7.047987548159191e-06 -2.237420481571552e-06 -4.088260917004348e-05 5.243680451432617e-06
4.076456183515634e+02       D208 -1.457024733910004e-05 -2.237420481571552e-06 -2.325323331457235e-05 5.243680451432617e-06
4.076456183515634e+02   IPM1R10A -1.457024733910004e-05 -2.237420481571552e-06 -2.325323331457235e-05 5.243680451432617e-06
4.081065387215634e+02       D209 -1.560152001531160e-05 -2.237420481571552e-06 -2.083631418073621e-05 5.243680451432617e-06
4.091298578066634e+02    MXQ1R06 -1.620981863925871e-05 -6.289743964710044e-07 -1.658988654693313e-05 5.343713676925803e-06
