0.000000000000000e+00      _BEG_ 7.038843791683235e-22 1.507718646112655e-22 1.355252715606881e-22 7.115076756936123e-23
1.023319085100000e+00    MXQ1S01 -1.450284537744347e-11 -1.279840077188273e-11 1.253290243415192e-07 3.854406559280965e-07
4.385342385099980e+00         D0 -5.753136697537998e-11 -1.279840077188273e-11 1.421189490339055e-06 3.854406559280965e-07
4.385342385099980e+00    IPM1S00 -5.753136697537998e-11 -1.279840077188273e-11 1.421189490339055e-06 3.854406559280965e-07
4.846262755100013e+00         D1 -6.343041059450371e-11 -1.279840077188273e-11 1.598846940082488e-06 3.854406559280965e-07
5.854516279700013e+00    MXJ1S03 -5.984801200540484e-11 2.164373949497078e-11 1.832951825156496e-06 -5.105170410438210e-08
6.419949889699970e+00         D2 -4.760991424890184e-11 2.164373949497078e-11 1.804085475808106e-06 -5.105170410438210e-08
6.419949889699970e+00    IPM1S01 -4.760991424890184e-11 2.164373949497078e-11 1.804085475808106e-06 -5.105170410438210e-08
6.718399889700007e+00         D3 -4.115034019651798e-11 2.164373949497078e-11 1.788849094718152e-06 -5.105170410438210e-08
6.868399889700007e+00    MQB1S01 -3.833870040966696e-11 1.591318229121913e-11 1.761256351752014e-06 -3.161717476419354e-07
7.059153889699977e+00         D4 -3.530319723498045e-11 1.591318229121913e-11 1.700945326202333e-06 -3.161717476419354e-07
7.059153889699977e+00   MBT1S01H -3.530319723498045e-11 1.591318229121913e-11 1.700945326202333e-06 -3.161717476419354e-07
7.254987889699968e+00         D5 -3.218685509414406e-11 1.591318229121913e-11 1.639028148174626e-06 -3.161717476419354e-07
7.254987889699968e+00   MBT1S01V -3.218685509414406e-11 1.591318229121913e-11 1.639028148174626e-06 -5.748171221052925e-06
7.748509889700009e+00         D6 -2.433334954330692e-11 1.591318229121913e-11 -1.197820809182091e-06 -5.748171221052925e-06
7.748509889700009e+00    ITV1S01 -2.433334954330692e-11 1.591318229121913e-11 -1.197820809182091e-06 -5.748171221052925e-06
1.262364978969998e+01         D7 5.324564038061610e-11 1.591318229121913e-11 -2.922095968096875e-05 -5.748171221052925e-06
1.262364978969998e+01    IPM1S02 5.324564038061610e-11 1.591318229121913e-11 -2.922095968096875e-05 -5.748171221052925e-06
1.292209978970001e+01         D8 5.799492963548037e-11 1.591318229121913e-11 -3.093650138189221e-05 -5.748171221052925e-06
1.307209978970002e+01    MQL1S02 5.901682363903334e-11 -2.340061839789455e-12 -3.254219215174405e-05 -1.574702711475819e-05
1.326285378969999e+01         D9 5.857044748297036e-11 -2.340061839789455e-12 -3.554600056199215e-05 -1.574702711475819e-05
1.326285378969999e+01   MBT1S02H 5.857044748297036e-11 -2.340061839789455e-12 -3.554600056199215e-05 -1.574702711475819e-05
1.345868778969998e+01        D10 5.811218381264613e-11 -2.340061839789455e-12 -3.862980386998357e-05 -1.574702711475819e-05
1.345868778969998e+01   MBT1S02V 5.811218381264613e-11 -2.340061839789455e-12 -3.862980386998357e-05 1.150866738457173e-05
1.442995085970000e+01        D11 5.583936816600833e-11 -2.340061839789455e-12 -2.745186025443533e-05 1.150866738457173e-05
1.442995085970000e+01    IPM1S03 5.583936816600833e-11 -2.340061839789455e-12 -2.745186025443533e-05 1.150866738457173e-05
1.465340085969996e+01        D12 5.531648134784095e-11 -2.340061839789455e-12 -2.488024852735315e-05 1.150866738457173e-05
1.495340085969996e+01    MQN1S03 5.922048064934305e-11 2.874358909270508e-11 -1.946467371583347e-05 2.411379856666840e-05
1.554713232970007e+01        D13 7.628645405449111e-11 2.874358909270508e-11 -5.147552645558991e-06 2.411379856666840e-05
1.656048286930007e+01    MXI1S05 1.050651531370357e-10 2.087308878624381e-11 1.895190830036767e-05 2.436808834899076e-05
1.693822970930008e+01        D14 1.129498964671767e-10 2.087308878624381e-11 2.815687667104004e-05 2.436808834899076e-05
1.795158024890008e+01    MXI1S06 1.210229886451614e-10 2.785032487480820e-13 5.194587708595601e-05 2.323030293069644e-05
1.860505024890006e+01        D15 1.212049821632227e-10 2.785032487480820e-13 6.712618314207780e-05 2.323030293069644e-05
1.890505024890006e+01    MQN1S04 1.275800031435702e-10 4.259862597348884e-11 7.065751362707823e-05 1.219968096775110e-07
1.979975024890006e+01        D16 1.656929938019872e-10 4.259862597348884e-11 7.076666417269669e-05 1.219968096775110e-07
1.979975024890006e+01    ITV1S04 1.656929938019872e-10 4.259862597348884e-11 7.076666417269669e-05 1.219968096775110e-07
2.038040024890011e+01        D17 1.904278859735976e-10 4.259862597348884e-11 7.083750162023595e-05 1.219968096775110e-07
2.038040024890011e+01    IPM1S05 1.904278859735976e-10 4.259862597348884e-11 7.083750162023595e-05 1.219968096775110e-07
2.068005024890008e+01        D18 2.031925642463660e-10 4.259862597348884e-11 7.087405796425580e-05 1.219968096775110e-07
2.083005024890008e+01    MQL1S05 2.033902290011016e-10 -3.997518585837273e-11 7.298647426293560e-05 2.818428261891855e-05
2.109880024890009e+01        D19 1.926468978017521e-10 -3.997518585837273e-11 8.056100021677028e-05 2.818428261891855e-05
2.109880024890009e+01   MBT1S05H 1.926468978017521e-10 -3.997518585837273e-11 8.056100021677028e-05 2.818428261891855e-05
2.129489024890011e+01        D20 1.848081636068334e-10 -3.997518585837273e-11 8.608765619551477e-05 2.818428261891855e-05
2.129489024890011e+01   MBT1S05V 1.848081636068334e-10 -3.997518585837273e-11 8.608765619551477e-05 2.818428261891855e-05
2.268005024890007e+01        D21 1.294361351634641e-10 -3.997518585837273e-11 1.251273971079349e-04 2.818428261891855e-05
2.283005024890007e+01    MQB1S06 1.260629506366520e-10 -5.155524688726291e-12 1.268466460584295e-04 -5.336003583768589e-06
2.638040024890011e+01        D22 1.077590335578398e-10 -5.155524688726291e-12 1.079019657347965e-04 -5.336003583768589e-06
2.638040024890011e+01    IPM1S07 1.077590335578398e-10 -5.155524688726291e-12 1.079019657347965e-04 -5.336003583768589e-06
2.668005024889996e+01        D23 1.062141805850127e-10 -5.155524688726291e-12 1.063030322609210e-04 -5.336003583768589e-06
2.683005024889996e+01    MQL1S07 1.060975927005109e-10 3.599428232509163e-12 1.048671755142701e-04 -1.378968492406229e-05
2.729429024889998e+01        D24 1.077685912628497e-10 3.599428232509163e-12 9.846545218512315e-05 -1.378968492406229e-05
2.729429024889998e+01   MBT1S07V 1.077685912628497e-10 3.599428232509163e-12 9.846545218512315e-05 -1.378968492406229e-05
3.185811274890011e+01        D25 1.241957428181140e-10 3.599428232509163e-12 3.553177786077506e-05 -1.378968492406229e-05
3.185811274890011e+01   MAZ1S08H 1.241957428181140e-10 3.599428232509163e-12 3.553177786077506e-05 -1.378968492406229e-05
3.238040024890012e+01        D26 1.260756791912989e-10 3.599428232509163e-12 2.832959779599882e-05 -1.378968492406229e-05
3.238040024890012e+01    IPM1S08 1.260756791912989e-10 3.599428232509163e-12 2.832959779599882e-05 -1.378968492406229e-05
3.268005024889997e+01        D27 1.271542478609514e-10 3.599428232509163e-12 2.419751870850564e-05 -1.378968492406229e-05
3.283005024889997e+01    MQL1S08 1.266880865961428e-10 -9.806834001993396e-12 2.230937884855045e-05 -1.141781227725854e-05
3.309880024889998e+01        D28 1.240524999579680e-10 -9.806834001993396e-12 1.924084179903710e-05 -1.141781227725854e-05
3.309880024889998e+01   MBT1S08H 1.240524999579680e-10 -9.806834001993396e-12 1.924084179903710e-05 -1.141781227725854e-05
3.329489024890012e+01        D29 1.221294778783665e-10 -9.806834001993396e-12 1.700192298958787e-05 -1.141781227725854e-05
3.329489024890012e+01   MBT1S08V 1.221294778783665e-10 -9.806834001993396e-12 1.700192298958787e-05 -1.141781227725854e-05
3.795919204889998e+01        D30 7.638744439083752e-11 -9.806834001993396e-12 -3.625419936728962e-05 -1.141781227725854e-05
3.795919204889998e+01   MAZ1S09V 7.638744439083752e-11 -9.806834001993396e-12 -3.625419936728962e-05 -1.141781227725854e-05
3.838040024890012e+01        D31 7.225672549282893e-11 -9.806834001993396e-12 -4.106347552453316e-05 -1.141781227725854e-05
3.838040024890012e+01    IPM1S09 7.225672549282893e-11 -9.806834001993396e-12 -4.106347552453316e-05 -1.141781227725854e-05
3.868005024889997e+01        D32 6.931810768418499e-11 -9.806834001993396e-12 -4.448482297341195e-05 -1.141781227725854e-05
3.883005024889997e+01    MQL1S09 6.832386664992903e-11 -3.464955911310976e-12 -4.589674858224751e-05 -7.386985326453817e-06
3.929429024889998e+01        D33 6.671529551748783e-11 -3.464955911310976e-12 -4.932608265020056e-05 -7.386985326453817e-06
3.929429024889998e+01   MBT1S09V 6.671529551748783e-11 -3.464955911310976e-12 -4.932608265020056e-05 -7.386985326453817e-06
4.438040024890012e+01        D34 4.909214860750980e-11 -3.464955911310976e-12 -8.689710258893155e-05 -7.386985326453817e-06
4.438040024890012e+01    IPM1S10 4.909214860750980e-11 -3.464955911310976e-12 -8.689710258893155e-05 -7.386985326453817e-06
4.468005024889997e+01        D35 4.805387456867566e-11 -3.464955911310976e-12 -8.911061274200231e-05 -7.386985326453817e-06
4.483005024889997e+01    MQB1S10 4.730252468609648e-11 -6.545082078906747e-12 -9.063510106165583e-05 -1.295532743606269e-05
4.509880024889998e+01        D36 4.554353387732039e-11 -6.545082078906747e-12 -9.411684531009782e-05 -1.295532743606269e-05
4.509880024889998e+01   MBT1S10H 4.554353387732039e-11 -6.545082078906747e-12 -9.411684531009782e-05 -1.295532743606269e-05
4.529489024890012e+01        D37 4.426010873283964e-11 -6.545082078906747e-12 -9.665725546703717e-05 -1.295532743606269e-05
4.529489024890012e+01   MBT1S10V 4.426010873283964e-11 -6.545082078906747e-12 -9.665725546703717e-05 -1.295532743606269e-05
6.016205624890011e+01        D38 -5.304671301813890e-11 -6.545082078906747e-12 -2.892662590433355e-04 -1.295532743606269e-05
6.016205624890011e+01   MAZ1E01H -5.304671301813890e-11 -6.545082078906747e-12 -2.892662590433355e-04 -1.295532743606269e-05
6.045415624890012e+01        D39 -5.495853149321196e-11 -6.545082078906747e-12 -2.930505101874095e-04 -1.295532743606269e-05
6.045415624890012e+01   MAZ1E01V -5.495853149321196e-11 -6.545082078906747e-12 -2.930505101874095e-04 -1.295532743606269e-05
6.093046624890007e+01        D40 -5.807601953806144e-11 -6.545082078906747e-12 -2.992212621984800e-04 -1.295532743606269e-05
6.093046624890007e+01    IPM1E01 -5.807601953806144e-11 -6.545082078906747e-12 -2.992212621984800e-04 -1.295532743606269e-05
6.123005424890008e+01        D41 -6.003684758778220e-11 -6.545082078906747e-12 -3.031025228343952e-04 -1.295532743606269e-05
6.138005424890008e+01    MQB1E01 -6.134260911363078e-11 -1.088077859571120e-11 -3.034521736002156e-04 8.297383737805228e-06
6.164880424890009e+01        D42 -6.426681836109108e-11 -1.088077859571120e-11 -3.012222517206804e-04 8.297383737805228e-06
6.164880424890009e+01   MBT1E01H -6.426681836109108e-11 -1.088077859571120e-11 -3.012222517206804e-04 8.297383737805228e-06
6.184489424890012e+01        D43 -6.640043023570469e-11 -1.088077859571120e-11 -2.995952177435339e-04 8.297383737805228e-06
6.184489424890012e+01   MBT1E01V -6.640043023570469e-11 -1.088077859571120e-11 -2.995952177435339e-04 8.297383737805228e-06
6.220869424890020e+01        D44 -7.035885748899671e-11 -1.088077859571120e-11 -2.965766295397197e-04 8.297383737805228e-06
6.220869424890020e+01    IHA1E01 -7.035885748899671e-11 -1.088077859571120e-11 -2.965766295397197e-04 8.297383737805228e-06
6.283065424890021e+01        D45 -7.712626654431847e-11 -1.088077859571120e-11 -2.914159887501543e-04 8.297383737805228e-06
6.333072272611611e+01    MBW1E01 4.921765675217201e-11 7.242578582053845e-10 -2.872728096560448e-04 8.745350397424626e-06
6.908308572611598e+01        D46 4.215411762752326e-09 7.242578582053845e-10 -2.369663796078652e-04 8.745350397424626e-06
7.008322268054798e+01    MBX1E02 3.936019490332617e-09 -2.143943835500535e-09 -2.278451839646085e-04 9.480124655466758e-06
7.583558568054798e+01        D47 -8.396723703078834e-09 -2.143943835500535e-09 -1.733120656611137e-04 9.480124655466758e-06
7.633565415776388e+01    MBW1E03 -9.345486153058931e-09 -1.316438105266550e-09 -1.684325373767875e-04 9.750692190130919e-06
7.748540525776389e+01        D48 -1.085906231267048e-08 -1.316438105266550e-09 -1.572216683054230e-04 9.750692190130919e-06
7.748540525776389e+01    IPM1E02 -1.085906231267048e-08 -1.316438105266550e-09 -1.572216683054230e-04 9.750692190130919e-06
7.778505525776390e+01        D49 -1.125353299091410e-08 -1.316438105266550e-09 -1.542998733906501e-04 9.750692190130919e-06
7.793505525776391e+01    MQB1E02 -1.139607970481265e-08 -5.826520236628432e-10 -1.535843444439670e-04 -2.025653097485291e-07
7.820380525776392e+01        D50 -1.155266743617302e-08 -5.826520236628432e-10 -1.536387838709619e-04 -2.025653097485291e-07
7.820380525776392e+01   MBT1E02H -1.155266743617302e-08 -5.826520236628432e-10 -1.536387838709619e-04 -2.025653097485291e-07
7.839989525776400e+01        D51 -1.166691967149263e-08 -5.826520236628432e-10 -1.536785049025505e-04 -2.025653097485291e-07
7.839989525776400e+01   MBT1E02V -1.166691967149263e-08 -5.826520236628432e-10 -1.536785049025505e-04 -2.025653097485291e-07
9.403540125776399e+01        D52 -2.077697888338463e-08 -5.826520236628432e-10 -1.568457160185155e-04 -2.025653097485291e-07
9.403540125776399e+01    IPM1E03 -2.077697888338463e-08 -5.826520236628432e-10 -1.568457160185155e-04 -2.025653097485291e-07
9.433505125776384e+01        D53 -2.095157056227555e-08 -5.826520236628432e-10 -1.569064147135816e-04 -2.025653097485291e-07
9.448505125776384e+01    MQB1E03 -2.113695127917568e-08 -1.891018732361610e-09 -1.562052679679950e-04 9.543940785101804e-06
9.475380125776385e+01        D54 -2.164516256349781e-08 -1.891018732361610e-09 -1.536403338819987e-04 9.543940785101804e-06
9.475380125776385e+01   MBT1E03H -2.164516256349781e-08 -1.891018732361610e-09 -1.536403338819987e-04 9.543940785101804e-06
9.494989125776394e+01        D55 -2.201597242672693e-08 -1.891018732361610e-09 -1.517688625334473e-04 9.543940785101804e-06
9.494989125776394e+01   MBT1E03V -2.201597242672693e-08 -1.891018732361610e-09 -1.517688625334473e-04 9.543940785101804e-06
9.565144125776399e+01        D56 -2.334261661841535e-08 -1.891018732361610e-09 -1.450733108756587e-04 9.543940785101804e-06
9.565144125776399e+01    IHA1E03 -2.334261661841535e-08 -1.891018732361610e-09 -1.450733108756587e-04 9.543940785101804e-06
1.105854012577640e+02        D57 -5.158301472675436e-08 -1.891018732361610e-09 -2.544480948579733e-06 9.543940785101804e-06
1.105854012577640e+02    IPM1A01 -5.158301472675436e-08 -1.891018732361610e-09 -2.544480948579733e-06 9.543940785101804e-06
1.108850512577639e+02        D58 -5.214965848990630e-08 -1.891018732361610e-09 3.153609076751249e-07 9.543940785101804e-06
1.110350512577639e+02    MQB1A01 -5.204708081722986e-08 3.257041545915437e-09 1.752814319899753e-06 9.645858852741064e-06
1.113038012577640e+02        D59 -5.117175090176514e-08 3.257041545915437e-09 4.345138886575120e-06 9.645858852741064e-06
1.113038012577640e+02   MBT1A01H -5.117175090176514e-08 3.257041545915437e-09 4.345138886575120e-06 9.645858852741064e-06
1.114998912577640e+02        D60 -5.053307762502659e-08 3.257041545915437e-09 6.236595349008827e-06 9.645858852741064e-06
1.114998912577640e+02   MBT1A01V -5.053307762502659e-08 3.257041545915437e-09 6.236595349008827e-06 9.645858852741064e-06
1.120053512577640e+02        D61 -4.888677340522858e-08 3.257041545915437e-09 1.111219116471559e-05 9.645858852741064e-06
1.120053512577640e+02    ITV1A01 -4.888677340522858e-08 3.257041545915437e-09 1.111219116471559e-05 9.645858852741064e-06
1.137199712577640e+02        D62 -4.330218482977069e-08 3.257041545915437e-09 2.765117367080248e-05 9.645858852741064e-06
1.138699712577640e+02    MQB1A02 -4.267900058568488e-08 5.047766147555856e-09 2.918592852128067e-05 1.082820829199156e-05
1.165523912577640e+02        D63 -2.913877171615835e-08 5.047766147555856e-09 5.823173100788455e-05 1.082820829199156e-05
1.175539994477640e+02    MJD1A01 -5.350557537352775e-08 -8.188568236854464e-08 6.829146704704703e-05 9.086593456182829e-06
1.211438414477640e+02        D64 -3.474622371387872e-07 -8.188568236854464e-08 1.009109018729771e-04 9.086593456182829e-06
1.211438414477640e+02    SBC1A02 -3.474622371387872e-07 -8.188568236854464e-08 1.009109018729771e-04 9.086593456182829e-06
1.217358414477640e+02        D65 -3.959385611009692e-07 -8.188568236854464e-08 1.062901651990377e-04 9.086593456182829e-06
1.217358414477640e+02    SSS1A02 -3.959385611009692e-07 -8.188568236854464e-08 1.062901651990377e-04 9.086593456182829e-06
1.227691914477640e+02        D66 -4.805551309765034e-07 -8.188568236854464e-08 1.156797965469841e-04 9.086593456182829e-06
1.227691914477640e+02    IPM1A03 -4.805551309765034e-07 -8.188568236854464e-08 1.156797965469841e-04 9.086593456182829e-06
1.230688414477639e+02        D67 -5.050921756982299e-07 -8.188568236854464e-08 1.184025942761284e-04 9.086593456182829e-06
1.232188414477639e+02    MQB1A03 -5.239148846838370e-07 -1.696244707736541e-07 1.182800427370675e-04 -1.071723000490018e-05
1.236830814477639e+02        D68 -6.026613489957907e-07 -1.696244707736541e-07 1.133046758795931e-04 -1.071723000490018e-05
1.236830814477639e+02   MBT1A03V -6.026613489957907e-07 -1.696244707736541e-07 1.133046758795931e-04 -1.071723000490018e-05
1.264260014477640e+02        D69 -1.067927702370286e-06 -1.696244707736541e-07 8.390817135455078e-05 -1.071723000490018e-05
1.264260014477640e+02    IPM1A04 -1.067927702370286e-06 -1.696244707736541e-07 8.390817135455078e-05 -1.071723000490018e-05
1.267256514477639e+02        D70 -1.118755675037596e-06 -1.696244707736541e-07 8.069675338358345e-05 -1.071723000490018e-05
1.268756514477639e+02    MQL1A04 -1.115883051732118e-06 2.077684042102582e-07 8.107330159643684e-05 1.575883628580084e-05
1.271444014477639e+02        D71 -1.060045293100620e-06 2.077684042102582e-07 8.530848884824512e-05 1.575883628580084e-05
1.271444014477639e+02   MBT1A04H -1.060045293100620e-06 2.077684042102582e-07 8.530848884824512e-05 1.575883628580084e-05
1.278459514477639e+02        D72 -9.142853691269141e-07 2.077684042102582e-07 9.636410044454865e-05 1.575883628580084e-05
1.278459514477639e+02    ITV1A04 -9.142853691269141e-07 2.077684042102582e-07 9.636410044454865e-05 1.575883628580084e-05
1.300828204477639e+02        D73 -4.495346665695157e-07 2.077684042102582e-07 1.316145528083318e-04 1.575883628580084e-05
1.300828204477639e+02    IPM1A05 -4.495346665695157e-07 2.077684042102582e-07 1.316145528083318e-04 1.575883628580084e-05
1.303824704477639e+02        D74 -3.872768642479078e-07 2.077684042102582e-07 1.363366881013724e-04 1.575883628580084e-05
1.305324704477639e+02    MQB1A05 -3.599148498752916e-07 1.576730159127269e-07 1.373554805432622e-04 -2.197041864482691e-06
1.309967104477639e+02        D75 -2.867167289679637e-07 1.576730159127269e-07 1.363355258280947e-04 -2.197041864482691e-06
1.309967104477639e+02   MBT1A05V -2.867167289679637e-07 1.576730159127269e-07 1.363355258280947e-04 -2.197041864482691e-06
1.360473102477639e+02        D76 5.096265736662514e-07 1.576730159127269e-07 1.252391466267468e-04 -2.197041864482691e-06
1.370489184377639e+02    MJD1A02 6.347890618124854e-07 6.483024043612369e-08 1.213052240181658e-04 -5.590771610207709e-06
1.422641104377639e+02        D77 9.728912130930350e-07 6.483024043612369e-08 9.214827664278347e-05 -5.590771610207709e-06
1.422641104377639e+02    IPM1A06 9.728912130930350e-07 6.483024043612369e-08 9.214827664278347e-05 -5.590771610207709e-06
1.425637604377639e+02        D78 9.923175946397177e-07 6.483024043612369e-08 9.047300192978493e-05 -5.590771610207709e-06
1.427137604377639e+02    MQB1A06 1.017796210515156e-06 2.757876650358802e-07 8.824180374234992e-05 -2.408252843968373e-05
1.429825104377639e+02        D79 1.091914145493553e-06 2.757876650358802e-07 8.176962422418467e-05 -2.408252843968373e-05
1.429825104377639e+02   MBT1A06H 1.091914145493553e-06 2.757876650358802e-07 8.176962422418467e-05 -2.408252843968373e-05
1.482286114377639e+02        D80 2.538724090825955e-06 2.757876650358802e-07 -4.456975230576907e-05 -2.408252843968373e-05
1.492302196277639e+02    MJD1A03 2.776927118144889e-06 1.633960047231914e-07 -6.811623589023563e-05 -2.253137882837111e-05
1.544454116277639e+02        D81 3.629068654809240e-06 1.633960047231914e-07 -1.856217025049260e-04 -2.253137882837111e-05
1.544454116277639e+02    IPM1A07 3.629068654809240e-06 1.633960047231914e-07 -1.856217025049260e-04 -2.253137882837111e-05
1.547450616277639e+02        D82 3.678030267624539e-06 1.633960047231914e-07 -1.923732301708466e-04 -2.253137882837111e-05
1.548950616277639e+02    MQB1A07 3.741883199051601e-06 6.894975512211360e-07 -1.937331481189208e-04 4.430529858833487e-06
1.553593016277639e+02        D83 4.061975542230513e-06 6.894975512211360e-07 -1.916763189372559e-04 4.430529858833487e-06
1.553593016277639e+02   MBT1A07V 4.061975542230513e-06 6.894975512211360e-07 -1.916763189372559e-04 4.430529858833487e-06
1.581022196277639e+02        D84 5.953210786430874e-06 6.894975512211360e-07 -1.795237388379242e-04 4.430529858833487e-06
1.581022196277639e+02    IPM1A08 5.953210786430874e-06 6.894975512211360e-07 -1.795237388379242e-04 4.430529858833487e-06
1.584018696277638e+02        D85 6.159818727654220e-06 6.894975512211360e-07 -1.781961305657251e-04 4.430529858833487e-06
1.585518696277638e+02    MQB1A08 6.147346748012820e-06 -8.552765646956839e-07 -1.808205196310970e-04 -3.953113211648013e-05
1.588206196277638e+02        D86 5.917491171250849e-06 -8.552765646956839e-07 -1.914445113874015e-04 -3.953113211648013e-05
1.588206196277638e+02   MBT1A08H 5.917491171250849e-06 -8.552765646956839e-07 -1.914445113874015e-04 -3.953113211648013e-05
1.617590383277638e+02        D87 3.404330519877238e-06 -8.552765646956839e-07 -3.076035292306397e-04 -3.953113211648013e-05
1.617590383277638e+02    IPM1A09 3.404330519877238e-06 -8.552765646956839e-07 -3.076035292306397e-04 -3.953113211648013e-05
1.620586883277637e+02        D88 3.148046897266255e-06 -8.552765646956839e-07 -3.194490329693392e-04 -3.953113211648013e-05
1.622086883277638e+02    MQB1A09 3.047733807341129e-06 -4.842467230767827e-07 -3.225453952353116e-04 -1.693296673551403e-06
1.626729283277638e+02        D89 2.822927108619953e-06 -4.842467230767827e-07 -3.233314912830411e-04 -1.693296673551403e-06
1.626729283277638e+02   MBT1A09V 2.822927108619953e-06 -4.842467230767827e-07 -3.233314912830411e-04 -1.693296673551403e-06
1.677235443277638e+02        D90 3.771828611007549e-07 -4.842467230767827e-07 -3.318836825552267e-04 -1.693296673551403e-06
1.687251525177638e+02    MJD1A04 -1.347571461721186e-07 -5.674926036376356e-07 -3.289990439465682e-04 7.403893283024450e-06
1.711079245177638e+02        D91 -1.486962632326936e-06 -5.674926036376356e-07 -3.113572543407901e-04 7.403893283024450e-06
1.711079245177638e+02    IPM1A10 -1.486962632326936e-06 -5.674926036376356e-07 -3.113572543407901e-04 7.403893283024450e-06
1.739403445177638e+02        D92 -3.094340032722287e-06 -5.674926036376356e-07 -2.903863189280854e-04 7.403893283024450e-06
1.739403445177638e+02    IPM1A11 -3.094340032722287e-06 -5.674926036376356e-07 -2.903863189280854e-04 7.403893283024450e-06
1.742399945177638e+02        D93 -3.264389191402320e-06 -5.674926036376356e-07 -2.881677423058270e-04 7.403893283024450e-06
1.743899945177639e+02    MQB1A11 -3.302535718622465e-06 6.007621420454609e-08 -2.911085901993015e-04 -4.670782521415119e-05
1.746587445177638e+02        D94 -3.286390236054994e-06 6.007621420454609e-08 -3.036613182256025e-04 -4.670782521415119e-05
1.746587445177638e+02   MBT1A11H -3.286390236054994e-06 6.007621420454609e-08 -3.036613182256025e-04 -4.670782521415119e-05
1.799048405177637e+02        D95 -2.971224649021388e-06 6.007621420454609e-08 -5.486950532502565e-04 -4.670782521415119e-05
1.809064487077637e+02    MJD1A05 -2.924072967312414e-06 3.690868054234718e-09 -5.879792336569943e-04 -3.106125384173503e-05
1.861216407077637e+02        D96 -2.904824381762915e-06 3.690868054234718e-09 -7.499696362023802e-04 -3.106125384173503e-05
1.861216407077637e+02    IPM1A13 -2.904824381762915e-06 3.690868054234718e-09 -7.499696362023802e-04 -3.106125384173503e-05
1.864212907077637e+02        D97 -2.903718413150464e-06 3.690868054234718e-09 -7.592771409160566e-04 -3.106125384173503e-05
1.865712907077638e+02    MQB1A13 -2.933899957490835e-06 -4.068282179989172e-07 -7.560817398555946e-04 7.359364800551413e-05
1.870355307077638e+02        D98 -3.122765889414661e-06 -4.068282179989172e-07 -7.219166247055134e-04 7.359364800551413e-05
1.870355307077638e+02   MBT1A13V -3.122765889414661e-06 -4.068282179989172e-07 -7.219166247055134e-04 7.359364800551413e-05
1.897784507077638e+02        D99 -4.238663145128262e-06 -4.068282179989172e-07 -5.200551357182263e-04 7.359364800551413e-05
1.897784507077638e+02    IPM1A14 -4.238663145128262e-06 -4.068282179989172e-07 -5.200551357182263e-04 7.359364800551413e-05
1.900781007077638e+02       D100 -4.360569220651641e-06 -4.068282179989172e-07 -4.980027990933726e-04 7.359364800551413e-05
1.902281007077638e+02    MQB1A14 -4.349624696604496e-06 5.523627900031962e-07 -4.949492235934884e-04 -3.276883157881549e-05
1.904968507077638e+02       D101 -4.201177196791166e-06 5.523627900031962e-07 -5.037558470802936e-04 -3.276883157881549e-05
1.904968507077638e+02   MBT1A14H -4.201177196791166e-06 5.523627900031962e-07 -5.037558470802936e-04 -3.276883157881549e-05
1.937348987077638e+02       D102 -2.412599969346882e-06 5.523627900031962e-07 -6.098628966364149e-04 -3.276883157881549e-05
1.938848987077638e+02    MQB1A15 -2.352986808246004e-06 2.437705051188497e-07 -6.089779693562348e-04 4.454929186931352e-05
1.943491387077638e+02       D103 -2.239818788949624e-06 2.437705051188497e-07 -5.882964060988239e-04 4.454929186931352e-05
1.943491387077638e+02   MBT1A15V -2.239818788949624e-06 2.437705051188497e-07 -5.882964060988239e-04 4.454929186931352e-05
1.993997487077638e+02       D104 -1.008629038091324e-06 2.437705051188497e-07 -3.632953070907522e-04 4.454929186931352e-05
2.004013568977638e+02    MJD1A06 -7.920778114581977e-07 1.685178509671495e-07 -3.135815891492079e-04 5.386664869059309e-05
2.056165488977638e+02       D105 8.677513676287223e-08 1.685178509671495e-07 -3.265667383121638e-05 5.386664869059309e-05
2.056165488977638e+02    IPM1A16 8.677513676287223e-08 1.685178509671495e-07 -3.265667383121638e-05 5.386664869059309e-05
2.059161988977638e+02       D106 1.372715108051823e-07 1.685178509671495e-07 -1.651553255107908e-05 5.386664869059309e-05
2.060661988977638e+02    MQB1A16 1.617315524719457e-07 1.572663972239978e-07 -8.523225300192984e-06 5.281041033766611e-05
2.065304388977638e+02       D107 2.347409047192177e-07 1.572663972239978e-07 1.599347959496608e-05 5.281041033766611e-05
2.065304388977638e+02   MBT1A16H 2.347409047192177e-07 1.572663972239978e-07 1.599347959496608e-05 5.281041033766611e-05
2.115810488977638e+02       D108 1.029032143202706e-06 1.572663972239978e-07 2.827182661504838e-04 5.281041033766611e-05
2.125826570877638e+02    MJD1A07 1.151983079707171e-06 5.974428479246343e-08 3.317984923905517e-04 4.435144928623594e-05
2.180975090877638e+02       D109 1.481463968183457e-06 5.974428479246343e-08 5.763901711896486e-04 4.435144928623594e-05
2.182475090877638e+02    MQB1A17 1.508674117382439e-06 3.038099539090224e-07 5.760462226229564e-04 -4.892823998406080e-05
2.187117490877638e+02       D110 1.649714850385167e-06 3.038099539090224e-07 5.533317764927551e-04 -4.892823998406080e-05
2.187117490877638e+02   MBT1A17V 1.649714850385167e-06 3.038099539090224e-07 5.533317764927551e-04 -4.892823998406080e-05
2.214546790877638e+02       D111 2.483044287260842e-06 3.038099539090224e-07 4.191250391932752e-04 -4.892823998406080e-05
2.214546790877638e+02    IPM1A18 2.483044287260842e-06 3.038099539090224e-07 4.191250391932752e-04 -4.892823998406080e-05
2.217543290877638e+02       D112 2.574080939949689e-06 3.038099539090224e-07 4.044636920820504e-04 -4.892823998406080e-05
2.219043290877638e+02    MQB1A18 2.580476837581866e-06 -2.187481363542744e-07 4.031529380052828e-04 3.140752306994508e-05
2.221730790877638e+02       D113 2.521688275936665e-06 -2.187481363542744e-07 4.115937098303291e-04 3.140752306994508e-05
2.221730790877638e+02   MBT1A18H 2.521688275936665e-06 -2.187481363542744e-07 4.115937098303291e-04 3.140752306994508e-05
2.251114839877638e+02       D114 1.878917680207393e-06 -2.187481363542744e-07 5.038817295159193e-04 3.140752306994508e-05
2.251114839877638e+02    IPM1A19 1.878917680207393e-06 -2.187481363542744e-07 5.038817295159193e-04 3.140752306994508e-05
2.254111339877638e+02       D115 1.813369801148831e-06 -2.187481363542744e-07 5.132929938038291e-04 3.140752306994508e-05
2.255611339877638e+02    MQB1A19 1.792946591233406e-06 -5.387199897254667e-08 5.145271532366007e-04 -1.497052620492075e-05
2.260253739877638e+02       D116 1.767937054430388e-06 -5.387199897254667e-08 5.075772361512280e-04 -1.497052620492075e-05
2.260253739877638e+02   MBT1A19V 1.767937054430388e-06 -5.387199897254667e-08 5.075772361512280e-04 -1.497052620492075e-05
2.310759737877638e+02       D117 1.495851147194047e-06 -5.387199897254667e-08 4.319670994947614e-04 -1.497052620492075e-05
2.320775819777638e+02    MJD1A08 1.406059337305286e-06 -1.532740134678129e-07 4.109814149316046e-04 -2.657389954693577e-05
2.372927639777638e+02       D118 6.067074612001869e-07 -1.532740134678129e-07 2.723936923446162e-04 -2.657389954693577e-05
2.372927639777638e+02    IPM1A21 6.067074612001869e-07 -1.532740134678129e-07 2.723936923446162e-04 -2.657389954693577e-05
2.375924139777638e+02       D119 5.607789030645559e-07 -1.532740134678129e-07 2.644308233453763e-04 -2.657389954693577e-05
2.377424139777638e+02    MQB1A21 5.339572702613049e-07 -2.039416568862141e-07 2.622192314540807e-04 -2.947246008693684e-06
2.380111639777638e+02       D120 4.791479499731432e-07 -2.039416568862141e-07 2.614271590892444e-04 -2.947246008693684e-06
2.380111639777638e+02   MBT1A21H 4.791479499731432e-07 -2.039416568862141e-07 2.614271590892444e-04 -2.947246008693684e-06
2.387127139777638e+02       D121 3.360726805846203e-07 -2.039416568862141e-07 2.593595186518453e-04 -2.947246008693684e-06
2.387127139777638e+02    ITV1A21 3.360726805846203e-07 -2.039416568862141e-07 2.593595186518453e-04 -2.947246008693684e-06
2.388489979777638e+02       D122 3.082786958175302e-07 -2.039416568862141e-07 2.589578561767964e-04 -2.947246008693684e-06
2.388489979777638e+02    IHA1A21 3.082786958175302e-07 -2.039416568862141e-07 2.589578561767964e-04 -2.947246008693684e-06
2.442588329732222e+02       D123 -7.950120166372741e-07 -2.039416568862141e-07 2.430137415787403e-04 -2.947246008693684e-06
2.442588329732222e+02    ISR1A21 -7.950120166372741e-07 -2.039416568862141e-07 2.430137415787403e-04 -2.947246008693684e-06
2.432572347832221e+02       D124 -5.907444222344353e-07 -2.039416568862141e-07 2.459656978465327e-04 -2.947246008693684e-06
2.442588429732222e+02    MJD1A09 -8.190137305341808e-07 -2.810049628079365e-07 2.396117798025980e-04 -9.631330250109606e-06
2.494740741677638e+02       D125 -2.284519578391138e-06 -2.810049628079365e-07 1.893821658372941e-04 -9.631330250109606e-06
2.494740741677638e+02    IPM1A23 -2.284519578391138e-06 -2.810049628079365e-07 1.893821658372941e-04 -9.631330250109606e-06
2.497737241677638e+02       D126 -2.368722715496542e-06 -2.810049628079365e-07 1.864961377278485e-04 -9.631330250109606e-06
2.499237241677638e+02    MQB1A23 -2.427260973396628e-06 -5.004047673620880e-07 1.837952666512734e-04 -2.633988073747452e-05
2.503879641677638e+02       D127 -2.659568882596812e-06 -5.004047673620880e-07 1.715672404177078e-04 -2.633988073747452e-05
2.503879641677638e+02   MBT1A23V -2.659568882596812e-06 -5.004047673620880e-07 1.715672404177078e-04 -2.633988073747452e-05
2.531308841677638e+02       D128 -4.032139127089646e-06 -5.004047673620880e-07 9.931905474527338e-05 -2.633988073747452e-05
2.531308841677638e+02    IPM1A24 -4.032139127089646e-06 -5.004047673620880e-07 9.931905474527338e-05 -2.633988073747452e-05
2.534305341677639e+02       D129 -4.182085415629707e-06 -5.004047673620880e-07 9.142630948228861e-05 -2.633988073747452e-05
2.535805341677639e+02    MQB1A24 -4.193316126852766e-06 3.510409281202048e-07 8.882663847106034e-05 -8.409657994252238e-06
2.538492841677638e+02       D130 -4.098973877420479e-06 3.510409281202048e-07 8.656654288510543e-05 -8.409657994252238e-06
2.538492841677638e+02   MBT1A24H -4.098973877420479e-06 3.510409281202048e-07 8.656654288510543e-05 -8.409657994252238e-06
2.570873497677638e+02       D131 -2.962280323882372e-06 3.510409281202048e-07 5.933551862615226e-05 -8.409657994252238e-06
2.572373497677638e+02    MQB1A25 -2.946013185002929e-06 -1.337002981395659e-07 5.736169401616275e-05 -1.785526294638499e-05
2.577015897677638e+02       D132 -3.008082211411243e-06 -1.337002981395659e-07 4.907256674593266e-05 -1.785526294638499e-05
2.577015897677638e+02   MBT1A25V -3.008082211411243e-06 -1.337002981395659e-07 4.907256674593266e-05 -1.785526294638499e-05
2.627521997677638e+02       D133 -3.683350274197911e-06 -1.337002981395659e-07 -4.110740284370810e-05 -1.785526294638499e-05
2.637538079577638e+02    MJD1A10 -3.816576757403980e-06 -1.783137268697076e-07 -5.845389219039557e-05 -1.648477703140285e-05
2.689689999577638e+02       D134 -4.746517079265066e-06 -1.783137268697076e-07 -1.444251694863515e-04 -1.648477703140285e-05
2.689689999577638e+02    IPM1A26 -4.746517079265066e-06 -1.783137268697076e-07 -1.444251694863515e-04 -1.648477703140285e-05
2.692686499577638e+02       D135 -4.799948787521582e-06 -1.783137268697076e-07 -1.493648329238117e-04 -1.648477703140285e-05
2.694186499577638e+02    MQB1A26 -4.795640248553294e-06 2.357011472365584e-07 -1.527898804716157e-04 -2.923093285469291e-05
2.698828899577638e+02       D136 -4.686218347960195e-06 2.357011472365584e-07 -1.663600487400788e-04 -2.923093285469291e-05
2.698828899577638e+02   MBT1A26H -4.686218347960195e-06 2.357011472365584e-07 -1.663600487400788e-04 -2.923093285469291e-05
2.749334897577638e+02       D137 -3.495786180867476e-06 2.357011472365584e-07 -3.139937923698025e-04 -2.923093285469291e-05
2.759350979477638e+02    MJD1A11 -3.280204942581635e-06 1.843052585725095e-07 -3.389847741820224e-04 -2.024253905497512e-05
2.814499499477638e+02       D138 -2.263788718732513e-06 1.843052585725095e-07 -4.506193811744300e-04 -2.024253905497512e-05
2.815999499477638e+02    MQB1A27 -2.258161877027253e-06 -1.091646105035089e-07 -4.493719253933393e-04 3.684910531820939e-05
2.820641899477638e+02       D139 -2.308840455807405e-06 -1.091646105035089e-07 -4.322650967404131e-04 3.684910531820939e-05
2.820641899477638e+02   MBT1A27V -2.308840455807405e-06 -1.091646105035089e-07 -4.322650967404131e-04 3.684910531820939e-05
2.848071199477638e+02       D140 -2.608271340895791e-06 -1.091646105035089e-07 -3.311905802899371e-04 3.684910531820939e-05
2.848071199477638e+02    IPM1A28 -2.608271340895791e-06 -1.091646105035089e-07 -3.311905802899371e-04 3.684910531820939e-05
2.851067699477638e+02       D141 -2.640982516433167e-06 -1.091646105035089e-07 -3.201487458813349e-04 3.684910531820939e-05
2.852567699477638e+02    MQB1A28 -2.613604469291100e-06 4.732169856318021e-07 -3.197633558321588e-04 -3.169662833630217e-05
2.855249079777639e+02       D142 -2.486716999001233e-06 4.732169856318021e-07 -3.282624273118985e-04 -3.169662833630217e-05
2.855249079777639e+02   MBT1A28H -2.486716999001233e-06 4.732169856318021e-07 -3.282624273118985e-04 -3.169662833630217e-05
2.884639279777639e+02       D143 -1.095922813889638e-06 4.732169856318021e-07 -4.214194519248582e-04 -3.169662833630217e-05
2.884639279777639e+02    IPM1A29 -1.095922813889638e-06 4.732169856318021e-07 -4.214194519248582e-04 -3.169662833630217e-05
2.887635779777639e+02       D144 -9.541233441450591e-07 4.732169856318021e-07 -4.309173466058319e-04 -3.169662833630217e-05
2.889135779777639e+02    MQB1A29 -8.931422723705354e-07 3.413069380882016e-07 -4.312067856212756e-04 2.784404947126343e-05
2.944284179777639e+02       D145 9.891108820758055e-07 3.413069380882016e-07 -2.776513078351729e-04 2.784404947126343e-05
2.954300261677639e+02    MJD1A12 1.298120376450690e-06 2.472224678348880e-07 -2.458807892527964e-04 3.505058586568233e-05
2.987266881677639e+02       D146 2.113129291708179e-06 2.472224678348880e-07 -1.303308547516654e-04 3.505058586568233e-05
2.987266881677639e+02   MBT1A30V 2.113129291708179e-06 2.472224678348880e-07 -1.303308547516654e-04 3.505058586568233e-05
3.006452181677639e+02       D147 2.587433012923454e-06 2.472224678348880e-07 -6.308525425077681e-05 3.505058586568233e-05
3.006452181677639e+02    IPM1A31 2.587433012923454e-06 2.472224678348880e-07 -6.308525425077681e-05 3.505058586568233e-05
3.009448681677640e+02       D148 2.661513225410185e-06 2.472224678348880e-07 -5.258234619612440e-05 3.505058586568233e-05
3.010948681677639e+02    MQB1A31 2.660625916861761e-06 -2.590323596151145e-07 -4.804044445453216e-05 2.565115856547659e-05
3.013636181677639e+02       D149 2.591010970215212e-06 -2.590323596151145e-07 -4.114669559006148e-05 2.565115856547659e-05
3.013636181677639e+02   MBT1A31H 2.591010970215212e-06 -2.590323596151145e-07 -4.114669559006148e-05 2.565115856547659e-05
3.020651681677639e+02       D150 2.409286818327231e-06 -2.590323596151145e-07 -2.315112529845145e-05 2.565115856547659e-05
3.020651681677639e+02    ITV1A31 2.409286818327231e-06 -2.590323596151145e-07 -2.315112529845145e-05 2.565115856547659e-05
3.066097141677638e+02       D151 1.232102344567819e-06 -2.590323596151145e-07 9.342174475564886e-05 2.565115856547659e-05
3.076113223577638e+02    MJD1A13 9.354199103390754e-07 -3.596913945198665e-07 1.178673622551515e-04 2.274272100042948e-05
3.128265263577638e+02       D152 -9.404440891264993e-07 -3.596913945198665e-07 2.364752917874746e-04 2.274272100042948e-05
3.128265263577638e+02    IPM1A33 -9.404440891264993e-07 -3.596913945198665e-07 2.364752917874746e-04 2.274272100042948e-05
3.131261763577638e+02       D153 -1.048225615494385e-06 -3.596913945198665e-07 2.432901481352538e-04 2.274272100042948e-05
3.132761763577638e+02    MQB1A33 -1.111612951965172e-06 -4.867362448386701e-07 2.445469851078675e-04 -6.009412161547880e-06
3.137404163577638e+02       D154 -1.337575386269085e-06 -4.867362448386701e-07 2.417571756059904e-04 -6.009412161547880e-06
3.137404163577638e+02   MBT1A33V -1.337575386269085e-06 -4.867362448386701e-07 2.417571756059904e-04 -6.009412161547880e-06
3.164833483577638e+02       D155 -2.672659807796908e-06 -4.867362448386701e-07 2.252737666868915e-04 -6.009412161547880e-06
3.164833483577638e+02    IPM1A34 -2.672659807796908e-06 -4.867362448386701e-07 2.252737666868915e-04 -6.009412161547880e-06
3.167829983577639e+02       D156 -2.818510323562825e-06 -4.867362448386701e-07 2.234730463326836e-04 -6.009412161547880e-06
3.169329983577638e+02    MQB1A34 -2.838999911981926e-06 2.143844616878102e-07 2.266958655112847e-04 4.911387949665907e-05
3.172017483577638e+02       D157 -2.781384087903335e-06 2.143844616878102e-07 2.398952206260097e-04 4.911387949665907e-05
3.172017483577638e+02   MBT1A34H -2.781384087903335e-06 2.143844616878102e-07 2.398952206260097e-04 4.911387949665907e-05
3.204398070577638e+02       D158 -2.087194616590308e-06 2.143844616878102e-07 3.989288454209177e-04 4.911387949665907e-05
3.205898070577638e+02    MQB1A35 -2.076970479151286e-06 -7.782847969173794e-08 4.021061906486740e-04 -6.822617392073357e-06
3.210540470577638e+02       D159 -2.113101572563380e-06 -7.782847969173794e-08 3.989388587505777e-04 -6.822617392073357e-06
3.210540470577638e+02   MBT1A35V -2.113101572563380e-06 -7.782847969173794e-08 3.989388587505777e-04 -6.822617392073357e-06
3.261046450577638e+02       D160 -2.506181936437511e-06 -7.782847969173794e-08 3.644805609954069e-04 -6.822617392073357e-06
3.271062532477638e+02    MJD1A14 -2.594897469286200e-06 -1.358420515617053e-07 3.526017037689223e-04 -1.669341545636651e-05
3.323214572477638e+02       D161 -3.303341479959006e-06 -1.358420515617053e-07 2.655421367072184e-04 -1.669341545636651e-05
3.323214572477638e+02    IPM1A36 -3.303341479959006e-06 -1.358420515617053e-07 2.655421367072184e-04 -1.669341545636651e-05
3.326211072477638e+02       D162 -3.344046550709475e-06 -1.358420515617053e-07 2.605399547657178e-04 -1.669341545636651e-05
3.327711072477638e+02    MQB1A36 -3.330669905315456e-06 3.139055987586906e-07 2.606149178568422e-04 1.769458546737423e-05
3.330398572477637e+02       D163 -3.246307775649072e-06 3.139055987586906e-07 2.653703377011982e-04 1.769458546737423e-05
3.330398572477637e+02   MBT1A36H -3.246307775649072e-06 3.139055987586906e-07 2.653703377011982e-04 1.769458546737423e-05
3.382859519477636e+02       D164 -1.599529277700805e-06 3.139055987586906e-07 3.581978087402856e-04 1.769458546737423e-05
3.392875601377636e+02    MJD1A15 -1.313306200343024e-06 2.397938725955308e-07 3.710038651308440e-04 7.656964953519406e-06
3.448024019377636e+02       D165 9.119071630679285e-09 2.397938725955308e-07 4.132308155176477e-04 7.656964953519406e-06
3.449524019377636e+02    MQB1A37 4.504267400958403e-08 2.399778811716372e-07 4.103223693697537e-04 -4.637314220944076e-05
3.454166419377636e+02       D166 1.564500055647102e-07 2.399778811716372e-07 3.887941018304420e-04 -4.637314220944076e-05
3.454166419377636e+02   MBT1A37V 1.564500055647102e-07 2.399778811716372e-07 3.887941018304420e-04 -4.637314220944076e-05
3.481595719377636e+02       D167 8.146925351668293e-07 2.399778811716372e-07 2.615958188699007e-04 -4.637314220944076e-05
3.481595719377636e+02    IPM1A38 8.146925351668293e-07 2.399778811716372e-07 2.615958188699007e-04 -4.637314220944076e-05
3.484592219377637e+02       D168 8.866019072599139e-07 2.399778811716372e-07 2.477001068068408e-04 -4.637314220944076e-05
3.486092219377637e+02    MQL1A38 9.012830987266544e-07 -4.504955330978477e-08 2.468179572187246e-04 3.456203602636734e-05
3.488779719377636e+02       D169 8.891760312746516e-07 -4.504955330978477e-08 2.561065044008093e-04 3.456203602636734e-05
3.488779719377636e+02   MBT1A38H 8.891760312746516e-07 -4.504955330978477e-08 2.561065044008093e-04 3.456203602636734e-05
3.518163801377636e+02       D170 7.568020544228410e-07 -4.504955330978477e-08 3.576638744693835e-04 3.456203602636734e-05
3.518163801377636e+02    IPM1A39 7.568020544228410e-07 -4.504955330978477e-08 3.576638744693835e-04 3.456203602636734e-05
3.521160301377637e+02       D171 7.433029557735635e-07 -4.504955330978477e-08 3.680203885646851e-04 3.456203602636734e-05
3.522660301377637e+02    MQB1A39 7.458549020100605e-07 7.918385650144096e-08 3.685833525689683e-04 -2.707139418476282e-05
3.577808803377636e+02       D172 1.182542008873797e-06 7.918385650144096e-08 2.192886689348527e-04 -2.707139418476282e-05
3.587824885277636e+02    MJD1A16 1.232100921843721e-06 -2.378523626866770e-08 1.890993958350892e-04 -3.269294694566468e-05
3.614649015277636e+02       D173 1.168299094868575e-06 -2.378523626866770e-08 1.014034099397290e-04 -3.269294694566468e-05
3.616149015277635e+02    MQB1A40 1.155762739546635e-06 -1.431719367537867e-07 9.722207511170941e-05 -2.312571419298713e-05
3.620791415277636e+02       D174 1.089296599628053e-06 -1.431719367537867e-07 8.648619355475665e-05 -2.312571419298713e-05
3.620791415277636e+02   MBT1A40V 1.089296599628053e-06 -1.431719367537867e-07 8.648619355475665e-05 -2.312571419298713e-05
3.640001515277636e+02       D175 8.142618774046568e-07 -1.431719367537867e-07 4.206146533288598e-05 -2.312571419298713e-05
3.640001515277636e+02    IPM1R01 8.142618774046568e-07 -1.431719367537867e-07 4.206146533288598e-05 -2.312571419298713e-05
3.642998015277636e+02       D176 7.713604065563847e-07 -1.431719367537867e-07 3.513184507495693e-05 -2.312571419298713e-05
3.644498015277636e+02    MQB1R01 7.379519540931877e-07 -3.011846676107622e-07 3.215045412933491e-05 -1.672186560859836e-05
3.647185515277636e+02       D177 6.570085746728084e-07 -3.011846676107622e-07 2.765645274702486e-05 -1.672186560859836e-05
3.647185515277636e+02   MBT1R01H 6.570085746728084e-07 -3.011846676107622e-07 2.765645274702486e-05 -1.672186560859836e-05
3.654201015277636e+02       D178 4.457124711104798e-07 -3.011846676107622e-07 1.592522792931273e-05 -1.672186560859836e-05
3.654201015277636e+02    ITV1R01 4.457124711104798e-07 -3.011846676107622e-07 1.592522792931273e-05 -1.672186560859836e-05
3.700001515277636e+02       D179 -9.337283657802016e-07 -3.011846676107622e-07 -6.066175265134870e-05 -1.672186560859836e-05
3.700001515277636e+02    IPM1R02 -9.337283657802016e-07 -3.011846676107622e-07 -6.066175265134870e-05 -1.672186560859836e-05
3.702998015277636e+02       D180 -1.023978351429772e-06 -3.011846676107622e-07 -6.567245968096554e-05 -1.672186560859836e-05
3.704498015277636e+02    MQL1R02 -1.090072608859340e-06 -5.831268403728573e-07 -6.686962264137823e-05 8.116575926225194e-07
3.709140415277636e+02       D181 -1.360783413234045e-06 -5.831268403728573e-07 -6.649281872057914e-05 8.116575926225194e-07
3.709140415277636e+02   MBT1R02V -1.360783413234045e-06 -5.831268403728573e-07 -6.649281872057914e-05 8.116575926225194e-07
3.745805715277636e+02       D182 -3.498835467266322e-06 -5.831268403728573e-07 -6.351685180750091e-05 8.116575926225194e-07
3.745805715277636e+02    IDA1R02 -3.498835467266322e-06 -5.831268403728573e-07 -6.351685180750091e-05 8.116575926225194e-07
3.760001515277636e+02       D183 -4.326630667322823e-06 -5.831268403728573e-07 -6.236463892216584e-05 8.116575926225194e-07
3.760001515277636e+02    IPM1R03 -4.326630667322823e-06 -5.831268403728573e-07 -6.236463892216584e-05 8.116575926225194e-07
3.762998015277636e+02       D184 -4.501364625040559e-06 -5.831268403728573e-07 -6.212142572453649e-05 8.116575926225194e-07
3.764498015277636e+02    MQL1R03 -4.467016329321959e-06 1.039100941298395e-06 -6.363771044488276e-05 -2.111885486508878e-05
3.767185515277636e+02       D185 -4.187757951348057e-06 1.039100941298395e-06 -6.931340268987441e-05 -2.111885486508878e-05
3.767185515277636e+02   MBT1R03H -4.187757951348057e-06 1.039100941298395e-06 -6.931340268987441e-05 -2.111885486508878e-05
3.820001515277636e+02       D186 1.300357580213573e-06 1.039100941298395e-06 -1.808547465453280e-04 -2.111885486508878e-05
3.820001515277636e+02    IPM1R04 1.300357580213573e-06 1.039100941298395e-06 -1.808547465453280e-04 -2.111885486508878e-05
3.822998015277636e+02       D187 1.611724177273658e-06 1.039100941298395e-06 -1.871830114056522e-04 -2.111885486508878e-05
3.824498015277636e+02    MQL1R04 1.799496952077808e-06 1.472677872195305e-06 -1.868166744856520e-04 2.598819581971350e-05
3.829140415277636e+02       D188 2.483172927465782e-06 1.472677872195305e-06 -1.747519144583078e-04 2.598819581971350e-05
3.829140415277636e+02   MBT1R04V 2.483172927465782e-06 1.472677872195305e-06 -1.747519144583078e-04 2.598819581971350e-05
3.834195015277636e+02       D189 3.227552684745578e-06 1.472677872195305e-06 -1.616159209992761e-04 2.598819581971350e-05
3.834195015277636e+02    ITV1R04 3.227552684745578e-06 1.472677872195305e-06 -1.616159209992761e-04 2.598819581971350e-05
3.861093015277636e+02       D190 7.188761625376466e-06 1.472677872195305e-06 -9.171287188341153e-05 2.598819581971350e-05
3.862593015277636e+02    MQB1R05 7.497713804504123e-06 2.655062572071761e-06 -8.674469839732300e-05 4.012417830125100e-05
3.878096515277635e+02       D191 1.161399006311552e-05 2.655062572071761e-06 -2.453817856797932e-05 4.012417830125100e-05
3.878096515277635e+02    IPM1R06 1.161399006311552e-05 2.655062572071761e-06 -2.453817856797932e-05 4.012417830125100e-05
3.881093015277636e+02       D192 1.240957956283688e-05 2.655062572071761e-06 -1.251496854000866e-05 4.012417830125100e-05
3.882593015277636e+02    MQL1R06 1.241552587964394e-05 -2.576210519888489e-06 -6.822502548032991e-06 3.617307957271846e-05
3.885280515277635e+02       D193 1.172316930242402e-05 -2.576210519888489e-06 2.899012587133469e-06 3.617307957271846e-05
3.885280515277635e+02   MBT1R06H 1.172316930242402e-05 -2.576210519888489e-06 2.899012587133469e-06 3.617307957271846e-05
3.901093015277635e+02       D194 7.649536417850535e-06 -2.576210519888489e-06 6.009769466149201e-05 3.617307957271846e-05
3.902593015277635e+02    MQL1R07 7.410995602830224e-06 -6.148187470916717e-07 6.433953855609402e-05 2.020616379959445e-05
3.907235415277635e+02       D195 7.125572147680376e-06 -6.148187470916717e-07 7.372004803841811e-05 2.020616379959445e-05
3.907235415277635e+02   MBT1R07V 7.125572147680376e-06 -6.148187470916717e-07 7.372004803841811e-05 2.020616379959445e-05
3.911782775277634e+02       D196 6.845991929902899e-06 -6.148187470916717e-07 8.290851813999039e-05 2.020616379959445e-05
3.921916280673635e+02    MXI1R01 5.927666801697640e-06 -1.152939426183598e-06 1.019076941613785e-04 1.777268550583292e-05
3.925693749073634e+02       D197 5.492147576745426e-06 -1.152939426183598e-06 1.086212699495198e-04 1.777268550583292e-05
3.935827254469634e+02    MXI1R02 4.086807803488074e-06 -1.545154266440053e-06 1.250439090857644e-04 1.529503950553309e-05
3.939530089169634e+02       D198 3.514662720025338e-06 -1.545154266440053e-06 1.307074093876604e-04 1.529503950553309e-05
3.939530089169634e+02    IPM1R08 3.514662720025338e-06 -1.545154266440053e-06 1.307074093876604e-04 1.529503950553309e-05
3.941764589169633e+02       D199 3.169397999189444e-06 -1.545154266440053e-06 1.341250859651704e-04 1.529503950553309e-05
3.944764589169633e+02    MQN1R08 2.969016360331298e-06 1.893131779776976e-07 1.275248441016837e-04 -5.871258067668325e-05
3.957593100169634e+02       D200 3.211876978944488e-06 1.893131779776976e-07 5.220534539676064e-05 -5.871258067668325e-05
3.957593100169634e+02    IPM1R09 3.211876978944488e-06 1.893131779776976e-07 5.220534539676064e-05 -5.871258067668325e-05
3.960577600169634e+02       D201 3.268377496911930e-06 1.893131779776976e-07 3.468257569380571e-05 -5.871258067668325e-05
3.962077600169633e+02    MQL1R09 3.215296303873849e-06 -8.942445603673983e-07 2.664639598322828e-05 -4.887478037919159e-05
3.963985140169633e+02       D202 3.044715577005556e-06 -8.942445603673983e-07 1.732333612677743e-05 -4.887478037919159e-05
3.963985140169633e+02   MBT1R09H 3.044715577005556e-06 -8.942445603673983e-07 1.732333612677743e-05 -4.887478037919159e-05
4.019630079169633e+02       D203 -1.931302824267012e-06 -8.942445603673983e-07 -2.546400811570739e-04 -4.887478037919159e-05
4.019630079169633e+02    IPM1R10 -1.931302824267012e-06 -8.942445603673983e-07 -2.546400811570739e-04 -4.887478037919159e-05
4.022614579169633e+02       D204 -2.198190113308645e-06 -8.942445603673983e-07 -2.692267593612426e-04 -4.887478037919159e-05
4.024114579169633e+02    MQB1R10 -2.357205291249286e-06 -1.229958534679786e-06 -2.735649506004696e-04 -8.862108297078463e-06
4.026022119169633e+02       D205 -2.591824801573558e-06 -1.229958534679786e-06 -2.752554332065702e-04 -8.862108297078463e-06
4.026022119169633e+02   MBT1R10H -2.591824801573558e-06 -1.229958534679786e-06 -2.752554332065702e-04 -8.862108297078463e-06
4.027980459169632e+02       D206 -2.832692501254028e-06 -1.229958534679786e-06 -2.769909353228202e-04 -8.862108297078463e-06
4.027980459169632e+02   MBT1R10V -2.832692501254028e-06 -1.229958534679786e-06 -2.769909353228202e-04 -8.862108297078463e-06
4.032753415269634e+02       D207 -3.419746310338836e-06 -1.229958534679786e-06 -2.812207807083611e-04 -8.862108297078463e-06
4.042835950515633e+02    MXJ1R04 -4.527400867733823e-06 -8.937527397958881e-07 -2.873978594504473e-04 -3.718781029520378e-06
4.076456183515634e+02       D208 -7.532218403366461e-06 -8.937527397958881e-07 -2.999004879192929e-04 -3.718781029520378e-06
4.076456183515634e+02   IPM1R10A -7.532218403366461e-06 -8.937527397958881e-07 -2.999004879192929e-04 -3.718781029520378e-06
4.081065387215634e+02       D209 -7.944167246881704e-06 -8.937527397958881e-07 -3.016145498473684e-04 -3.718781029520378e-06
4.091298578066634e+02    MXQ1R06 -7.997477748421624e-06 -6.934754919462768e-08 -3.218670151235303e-04 -3.055473185789686e-06
