0.000000000000000e+00      _BEG_ 5.251604272976662e-22 -2.219226321806267e-22 8.944667923005412e-22 8.893845946170153e-23
1.023319085100000e+00    MXQ1S01 -1.450284537814142e-11 -1.279840077234690e-11 1.253290242929703e-07 3.854406558703988e-07
4.385342385099980e+00         D0 -5.753136697760259e-11 -1.279840077234690e-11 1.421189490096525e-06 3.854406558703988e-07
4.385342385099980e+00    IPM1S00 -5.753136697760259e-11 -1.279840077234690e-11 1.421189490096525e-06 3.854406558703988e-07
4.846262755100013e+00         D1 -6.343041059680764e-11 -1.279840077234690e-11 1.598846939813364e-06 3.854406558703988e-07
5.854516279700013e+00    MXJ1S03 -5.984801200939607e-11 2.164373949399923e-11 1.832951824856767e-06 -5.105170416914407e-08
6.419949889699970e+00         D2 -4.760991425352325e-11 2.164373949399923e-11 1.804085475471757e-06 -5.105170416914407e-08
6.419949889699970e+00    IPM1S01 -4.760991425352325e-11 2.164373949399923e-11 1.804085475471757e-06 -5.105170416914407e-08
6.718399889700007e+00         D3 -4.115034020145788e-11 2.164373949399923e-11 1.788849094362475e-06 -5.105170416914407e-08
6.868399889700007e+00    MQB1S01 -3.833870041494567e-11 1.591318228950982e-11 1.761256351390594e-06 -3.161717476536176e-07
7.059153889699977e+00         D4 -3.530319724039468e-11 1.591318228950982e-11 1.700945325838685e-06 -3.161717476536176e-07
7.059153889699977e+00   MBT1S01H -3.530319724039468e-11 1.591318228950982e-11 1.700945325838685e-06 -3.161717476536176e-07
7.254987889699968e+00         D5 -3.218685509999875e-11 1.591318228950982e-11 1.639028147808689e-06 -3.161717476536176e-07
7.254987889699968e+00   MBT1S01V -3.218685509999875e-11 1.591318228950982e-11 1.639028147808689e-06 -1.299393018748293e-05
7.748509889700009e+00         D6 -2.433334955019161e-11 1.591318228950982e-11 -4.773762266178795e-06 -1.299393018748293e-05
7.748509889700009e+00    ITV1S01 -2.433334955019161e-11 1.591318228950982e-11 -4.773762266178795e-06 -1.299393018748293e-05
1.262364978969998e+01         D7 5.324564036546437e-11 1.591318228950982e-11 -6.812098978099094e-05 -1.299393018748293e-05
1.262364978969998e+01    IPM1S02 5.324564036546437e-11 1.591318228950982e-11 -6.812098978099094e-05 -1.299393018748293e-05
1.292209978970001e+01         D8 5.799492962008470e-11 1.591318228950982e-11 -7.199902824544570e-05 -1.299393018748293e-05
1.307209978970002e+01    MQL1S02 5.901682498840426e-11 -2.339983920886436e-12 -7.567794972775029e-05 -3.625534372201467e-05
1.326285378969999e+01         D9 5.857046369569596e-11 -2.339983920886436e-12 -8.259380156409838e-05 -3.625534372201467e-05
1.326285378969999e+01   MBT1S02H 5.857046369569596e-11 -2.339983920886436e-12 -8.259380156409838e-05 -3.625534372201467e-05
1.345868778969998e+01        D10 5.811221528428403e-11 -2.339983920886436e-12 -8.969383054655508e-05 -3.625534372201467e-05
1.345868778969998e+01   MBT1S02V 5.811221528428403e-11 -2.339983920886436e-12 -8.969383054655508e-05 2.513985830918122e-06
1.442995085970000e+01        D11 5.583947531743799e-11 -2.339983920886436e-12 -8.725208895048098e-05 2.513985830918122e-06
1.442995085970000e+01    IPM1S03 5.583947531743799e-11 -2.339983920886436e-12 -8.725208895048098e-05 2.513985830918122e-06
1.465340085969996e+01        D12 5.531660591014803e-11 -2.339983920886436e-12 -8.669033881656242e-05 2.513985830918122e-06
1.495340085969996e+01    MQN1S03 5.922061605814419e-11 2.874352591430309e-11 -7.877647450425791e-05 4.954166635650868e-05
1.554713232970007e+01        D13 7.628655195207905e-11 2.874352591430309e-11 -4.936202811215322e-05 4.954166635650868e-05
1.656048286930007e+01    MXI1S05 1.050654374087060e-10 2.087295331385590e-11 4.092933456120096e-07 5.043992424134978e-05
1.693822970930008e+01        D14 1.129501295642335e-10 2.087295331385590e-11 1.946281533762189e-05 5.043992424134978e-05
1.795158024890008e+01    MXI1S06 1.210230465651524e-10 2.783220360200241e-13 6.920074226664764e-05 4.922147905697870e-05
1.860505024890006e+01        D15 1.212049216661238e-10 2.783220360200241e-13 1.013655021860106e-04 4.922147905697870e-05
1.890505024890006e+01    MQN1S04 1.116979473466588e-10 -6.284881958369953e-11 1.244906678642313e-04 1.070559845924007e-04
1.979975024890006e+01        D16 5.546710846538388e-11 -6.284881958369953e-11 2.202736572790522e-04 1.070559845924007e-04
1.979975024890006e+01    ITV1S04 5.546710846538388e-11 -6.284881958369953e-11 2.202736572790522e-04 1.070559845924007e-04
2.038040024890011e+01        D17 1.897394137402049e-11 -6.284881958369953e-11 2.824357147326348e-04 1.070559845924007e-04
2.038040024890011e+01    IPM1S05 1.897394137402049e-11 -6.284881958369953e-11 2.824357147326348e-04 1.070559845924007e-04
2.068005024890008e+01        D18 1.412925857364929e-13 -6.284881958369953e-11 3.145150405157437e-04 1.070559845924007e-04
2.083005024890008e+01    MQL1S05 -9.193834990084242e-12 -6.099889264893029e-11 3.400218341208164e-04 2.347338573589958e-04
2.109880024890009e+01        D19 -2.558728738946613e-11 -6.099889264893029e-11 4.031065582860491e-04 2.347338573589958e-04
2.109880024890009e+01   MBT1S05H -2.558728738946613e-11 -6.099889264893029e-11 4.031065582860491e-04 2.347338573589958e-04
2.129489024890011e+01        D20 -3.754856024898283e-11 -6.099889264893029e-11 4.491355203755809e-04 2.347338573589958e-04
2.129489024890011e+01   MBT1S05V -3.754856024898283e-11 -6.099889264893029e-11 4.491355203755809e-04 2.347338573589958e-04
2.268005024890007e+01        D21 -1.220417863906554e-10 -6.099889264893029e-11 7.742794702349581e-04 2.347338573589958e-04
2.283005024890007e+01    MQB1S06 -1.337684547747823e-10 -9.589281719732129e-11 7.939075193536875e-04 2.611676034307315e-05
2.638040024890011e+01        D22 -4.742215183108381e-10 -9.589281719732129e-11 8.866311594377183e-04 2.611676034307315e-05
2.638040024890011e+01    IPM1S07 -4.742215183108381e-10 -9.589281719732129e-11 8.866311594377183e-04 2.611676034307315e-05
2.668005024889996e+01        D23 -5.029558009845181e-10 -9.589281719732129e-11 8.944570466745163e-04 2.611676034307315e-05
2.683005024889996e+01    MQL1S07 -5.204842893305906e-10 -1.380617843877504e-10 8.930063607560327e-04 -4.543997429790431e-05
2.729429024889998e+01        D24 -5.845780921147391e-10 -1.380617843877504e-10 8.719113070879727e-04 -4.543997429790431e-05
2.729429024889998e+01   MBT1S07V -5.845780921147391e-10 -1.380617843877504e-10 8.719113070879727e-04 -4.543997429790431e-05
3.185811274890011e+01        D25 -1.214667570098192e-09 -1.380617843877504e-10 6.645313299877694e-04 -4.543997429790431e-05
3.185811274890011e+01   MAZ1S08H -1.214667570098192e-09 -1.380617843877504e-10 6.645313299877694e-04 -4.543997429790431e-05
3.238040024890012e+01        D26 -1.286775514306067e-09 -1.380617843877504e-10 6.407985994116525e-04 -4.543997429790431e-05
3.238040024890012e+01    IPM1S08 -1.286775514306067e-09 -1.380617843877504e-10 6.407985994116525e-04 -4.543997429790431e-05
3.268005024889997e+01        D27 -1.328145727996820e-09 -1.380617843877504e-10 6.271825111132924e-04 -4.543997429790431e-05
3.283005024889997e+01    MQL1S08 -1.338324843334990e-09 2.507421164902600e-12 6.251593632092005e-04 1.843006019309289e-05
3.309880024889998e+01        D28 -1.337650973896442e-09 2.507421164902600e-12 6.301124418860945e-04 1.843006019309289e-05
3.309880024889998e+01   MBT1S08H -1.337650973896442e-09 2.507421164902600e-12 6.301124418860945e-04 1.843006019309289e-05
3.329489024890012e+01        D29 -1.337159293680803e-09 2.507421164902600e-12 6.337263923893606e-04 1.843006019309289e-05
3.329489024890012e+01   MBT1S08V -1.337159293680803e-09 2.507421164902600e-12 6.337263923893606e-04 1.843006019309289e-05
3.795919204889998e+01        D30 -1.325463924626733e-09 2.507421164902600e-12 7.196897553221096e-04 1.843006019309289e-05
3.795919204889998e+01   MAZ1S09V -1.325463924626733e-09 2.507421164902600e-12 7.196897553221096e-04 1.843006019309289e-05
3.838040024890012e+01        D31 -1.324407778271032e-09 2.507421164902600e-12 7.274526478019364e-04 1.843006019309289e-05
3.838040024890012e+01    IPM1S09 -1.324407778271032e-09 2.507421164902600e-12 7.274526478019364e-04 1.843006019309289e-05
3.868005024889997e+01        D32 -1.323656429525443e-09 2.507421164902600e-12 7.329752153387940e-04 1.843006019309289e-05
3.883005024889997e+01    MQL1S09 -1.332412053936484e-09 -1.193906656409807e-10 7.308411248905808e-04 -4.685304429064315e-05
3.929429024889998e+01        D33 -1.387837976554078e-09 -1.193906656409807e-10 7.090900676090918e-04 -4.685304429064315e-05
3.929429024889998e+01   MBT1S09V -1.387837976554078e-09 -1.193906656409807e-10 7.090900676090918e-04 -4.685304429064315e-05
4.438040024890012e+01        D34 -1.995072034980923e-09 -1.193906656409807e-10 4.707903305120028e-04 -4.685304429064315e-05
4.438040024890012e+01    IPM1S10 -1.995072034980923e-09 -1.193906656409807e-10 4.707903305120028e-04 -4.685304429064315e-05
4.468005024889997e+01        D35 -2.030847447940035e-09 -1.193906656409807e-10 4.567508157903186e-04 -4.685304429064315e-05
4.483005024889997e+01    MQB1S10 -2.038993782906874e-09 1.085161079034504e-11 4.518377158296799e-04 -1.870588121967270e-05
4.509880024889998e+01        D36 -2.036077412508226e-09 1.085161079034504e-11 4.468105102518927e-04 -1.870588121967270e-05
4.509880024889998e+01   MBT1S10H -2.036077412508226e-09 1.085161079034504e-11 4.468105102518927e-04 -1.870588121967270e-05
4.529489024890012e+01        D37 -2.033949520151767e-09 1.085161079034504e-11 4.431424740035245e-04 -1.870588121967270e-05
4.529489024890012e+01   MBT1S10V -2.033949520151767e-09 1.085161079034504e-11 4.431424740035245e-04 -1.870588121967270e-05
6.016205624890011e+01        D38 -1.872616821162274e-09 1.085161079034504e-11 1.650390327343679e-04 -1.870588121967270e-05
6.016205624890011e+01   MAZ1E01H -1.872616821162274e-09 1.085161079034504e-11 1.650390327343679e-04 -1.870588121967270e-05
6.045415624890012e+01        D39 -1.869447065650171e-09 1.085161079034504e-11 1.595750448301015e-04 -1.870588121967270e-05
6.045415624890012e+01   MAZ1E01V -1.869447065650171e-09 1.085161079034504e-11 1.595750448301015e-04 -1.870588121967270e-05
6.093046624890007e+01        D40 -1.864278334911835e-09 1.085161079034504e-11 1.506652465463600e-04 -1.870588121967270e-05
6.093046624890007e+01    IPM1E01 -1.864278334911835e-09 1.085161079034504e-11 1.506652465463600e-04 -1.870588121967270e-05
6.123005424890008e+01        D41 -1.861027322540634e-09 1.085161079034504e-11 1.450611890035206e-04 -1.870588121967270e-05
6.138005424890008e+01    MQB1E01 -1.869494116037412e-09 -1.238552227455527e-10 1.414991536008931e-04 -2.874649693437809e-05
6.164880424890009e+01        D42 -1.902780207149778e-09 -1.238552227455527e-10 1.337735325497787e-04 -2.874649693437809e-05
6.164880424890009e+01   MBT1E01H -1.902780207149778e-09 -1.238552227455527e-10 1.337735325497787e-04 -2.874649693437809e-05
6.184489424890012e+01        D43 -1.927066977774981e-09 -1.238552227455527e-10 1.281366319659157e-04 -2.874649693437809e-05
6.184489424890012e+01   MBT1E01V -1.927066977774981e-09 -1.238552227455527e-10 1.281366319659157e-04 -2.874649693437809e-05
6.220869424890020e+01        D44 -1.972125507807097e-09 -1.238552227455527e-10 1.176786563811866e-04 -2.874649693437809e-05
6.220869424890020e+01    IHA1E01 -1.972125507807097e-09 -1.238552227455527e-10 1.176786563811866e-04 -2.874649693437809e-05
6.283065424890021e+01        D45 -2.049158502151136e-09 -1.238552227455527e-10 9.979948514788061e-05 -2.874649693437809e-05
6.333072272611611e+01    MBW1E01 -5.334663591227609e-09 7.214109113129599e-10 8.542636284418424e-05 -2.887916017396363e-05
6.908308572611598e+01        D46 -1.184846157188148e-09 7.214109113129599e-10 -8.069704961159394e-05 -2.887916017396363e-05
7.008322268054798e+01    MBX1E02 7.922193000371378e-09 -2.377870653807399e-09 -1.094526155212417e-04 -2.857857140647771e-05
7.583558568054798e+01        D47 -5.756182167374925e-09 -2.377870653807399e-09 -2.738469322727224e-04 -2.857857140647771e-05
7.633565415776388e+01    MBW1E03 -1.302281984839979e-08 -1.425459604792369e-09 -2.879188120423986e-04 -2.815196234993308e-05
7.748540525776389e+01        D48 -1.466174359700516e-08 -1.425459604792369e-09 -3.202865617213927e-04 -2.815196234993308e-05
7.748540525776389e+01    IPM1E02 -1.466174359700516e-08 -1.425459604792369e-09 -3.202865617213927e-04 -2.815196234993308e-05
7.778505525776390e+01        D49 -1.508888256758403e-08 -1.425459604792369e-09 -3.287222972395507e-04 -2.815196234993308e-05
7.793505525776391e+01    MQB1E02 -1.522854988008369e-08 -4.352696334884341e-10 -3.345485273734325e-04 -4.959413717216113e-05
7.820380525776392e+01        D50 -1.534552859406863e-08 -4.352696334884341e-10 -3.478769517384513e-04 -4.959413717216113e-05
7.820380525776392e+01   MBT1E02H -1.534552859406863e-08 -4.352696334884341e-10 -3.478769517384513e-04 -4.959413717216113e-05
7.839989525776400e+01        D51 -1.543088061650667e-08 -4.352696334884341e-10 -3.576018660965446e-04 -4.959413717216113e-05
7.839989525776400e+01   MBT1E02V -1.543088061650667e-08 -4.352696334884341e-10 -3.576018660965446e-04 -4.959413717216113e-05
9.403540125776399e+01        D52 -2.223654158252678e-08 -4.352696334884341e-10 -1.133031295416693e-03 -4.959413717216113e-05
9.403540125776399e+01    IPM1E03 -2.223654158252678e-08 -4.352696334884341e-10 -1.133031295416693e-03 -4.959413717216113e-05
9.433505125776384e+01        D53 -2.236697012820000e-08 -4.352696334884341e-10 -1.147892178620324e-03 -4.959413717216113e-05
9.448505125776384e+01    MQB1E03 -2.253707672777408e-08 -1.834575887255173e-09 -1.149968340701966e-03 2.193343733903447e-05
9.475380125776385e+01        D54 -2.303011899747057e-08 -1.834575887255173e-09 -1.144073729417100e-03 2.193343733903447e-05
9.475380125776385e+01   MBT1E03H -2.303011899747057e-08 -1.834575887255173e-09 -1.144073729417100e-03 2.193343733903447e-05
9.494989125776394e+01        D55 -2.338986098320310e-08 -1.834575887255173e-09 -1.139772801689287e-03 2.193343733903447e-05
9.494989125776394e+01   MBT1E03V -2.338986098320310e-08 -1.834575887255173e-09 -1.139772801689287e-03 2.193343733903447e-05
9.565144125776399e+01        D56 -2.467690769690891e-08 -1.834575887255173e-09 -1.124385398724086e-03 2.193343733903447e-05
9.565144125776399e+01    IHA1E03 -2.467690769690891e-08 -1.834575887255173e-09 -1.124385398724086e-03 2.193343733903447e-05
1.105854012577640e+02        D57 -5.207439061414047e-08 -1.834575887255173e-09 -7.968323228404389e-04 2.193343733903447e-05
1.105854012577640e+02    IPM1A01 -5.207439061414047e-08 -1.834575887255173e-09 -7.968323228404389e-04 2.193343733903447e-05
1.108850512577639e+02        D58 -5.262412127875595e-08 -1.834575887255173e-09 -7.902599683417993e-04 2.193343733903447e-05
1.110350512577639e+02    MQB1A01 -5.250928354980653e-08 3.363875570097912e-09 -7.928176371842421e-04 -5.607795472705288e-05
1.113038012577640e+02        D59 -5.160524199034305e-08 3.363875570097912e-09 -8.078885875171446e-04 -5.607795472705288e-05
1.113038012577640e+02   MBT1A01H -5.160524199034305e-08 3.363875570097912e-09 -8.078885875171446e-04 -5.607795472705288e-05
1.114998912577640e+02        D60 -5.094561962980617e-08 3.363875570097912e-09 -8.188849136595708e-04 -5.607795472705288e-05
1.114998912577640e+02   MBT1A01V -5.094561962980617e-08 3.363875570097912e-09 -8.188849136595708e-04 -5.607795472705288e-05
1.120053512577640e+02        D61 -4.924531508414373e-08 3.363875570097912e-09 -8.472300766559085e-04 -5.607795472705288e-05
1.120053512577640e+02    ITV1A01 -4.924531508414373e-08 3.363875570097912e-09 -8.472300766559085e-04 -5.607795472705288e-05
1.137199712577640e+02        D62 -4.347754675414401e-08 3.363875570097912e-09 -9.433824593900079e-04 -5.607795472705288e-05
1.138699712577640e+02    MQB1A02 -4.283771852970177e-08 5.162732143858848e-09 -9.547496550446660e-04 -9.556367536898510e-05
1.165523912577640e+02        D63 -2.898910257237170e-08 5.162732143858848e-09 -1.211091569127938e-03 -9.556367536898510e-05
1.175539994477640e+02    MJD1A01 -6.085172659295633e-08 -8.453316120860227e-08 -1.290244785089341e-03 -6.113222870999892e-05
1.211438414477640e+02        D64 -3.643124190923666e-07 -8.453316120860227e-08 -1.509699827266100e-03 -6.113222870999892e-05
1.211438414477640e+02    SBC1A02 -3.643124190923666e-07 -8.453316120860227e-08 -1.509699827266100e-03 -6.113222870999892e-05
1.217358414477640e+02        D65 -4.143560505278625e-07 -8.453316120860227e-08 -1.545890106662422e-03 -6.113222870999892e-05
1.217358414477640e+02    SSS1A02 -4.143560505278625e-07 -8.453316120860227e-08 -1.545890106662422e-03 -6.113222870999892e-05
1.227691914477640e+02        D66 -5.017083926627669e-07 -8.453316120860227e-08 -1.609061095199898e-03 -6.113222870999892e-05
1.227691914477640e+02    IPM1A03 -5.017083926627669e-07 -8.453316120860227e-08 -1.609061095199898e-03 -6.113222870999892e-05
1.230688414477639e+02        D67 -5.270387544189182e-07 -8.453316120860227e-08 -1.627379367532844e-03 -6.113222870999892e-05
1.232188414477639e+02    MQB1A03 -5.465351819266624e-07 -1.759787835617233e-07 -1.616171299441450e-03 2.102636593979041e-04
1.236830814477639e+02        D68 -6.282315724073509e-07 -1.759787835617233e-07 -1.518558498202575e-03 2.102636593979041e-04
1.236830814477639e+02   MBT1A03V -6.282315724073509e-07 -1.759787835617233e-07 -1.518558498202575e-03 2.102636593979041e-04
1.264260014477640e+02        D69 -1.110927297414497e-06 -1.759787835617233e-07 -9.418221015668462e-04 2.102636593979041e-04
1.264260014477640e+02    IPM1A04 -1.110927297414497e-06 -1.759787835617233e-07 -9.418221015668462e-04 2.102636593979041e-04
1.267256514477639e+02        D70 -1.163659339908748e-06 -1.759787835617233e-07 -8.788165960282839e-04 2.102636593979041e-04
1.268756514477639e+02    MQL1A04 -1.160631964844619e-06 2.161775677521151e-07 -8.687703807626089e-04 -7.575481464551727e-05
1.271444014477639e+02        D71 -1.102534243511251e-06 2.161775677521151e-07 -8.891294871985883e-04 -7.575481464551727e-05
1.271444014477639e+02   MBT1A04H -1.102534243511251e-06 2.161775677521151e-07 -8.891294871985883e-04 -7.575481464551727e-05
1.278459514477639e+02        D72 -9.508748708547530e-07 2.161775677521151e-07 -9.422752774131507e-04 -7.575481464551727e-05
1.278459514477639e+02    ITV1A04 -9.508748708547530e-07 2.161775677521151e-07 -9.422752774131507e-04 -7.575481464551727e-05
1.300828204477639e+02        D73 -4.673139710546393e-07 2.161775677521151e-07 -1.111728873894455e-03 -7.575481464551727e-05
1.300828204477639e+02    IPM1A05 -4.673139710546393e-07 2.161775677521151e-07 -1.111728873894455e-03 -7.575481464551727e-05
1.303824704477639e+02        D74 -4.025363628777149e-07 2.161775677521151e-07 -1.134428804102986e-03 -7.575481464551727e-05
1.305324704477639e+02    MQB1A05 -3.740586352194667e-07 1.641644677782620e-07 -1.134627553737431e-03 7.310913087413334e-05
1.309967104477639e+02        D75 -2.978469226980846e-07 1.641644677782620e-07 -1.100687370820422e-03 7.310913087413334e-05
1.309967104477639e+02   MBT1A05V -2.978469226980846e-07 1.641644677782620e-07 -1.100687370820422e-03 7.310913087413334e-05
1.360473102477639e+02        D76 5.312821054299142e-07 1.641644677782620e-07 -7.314424090493501e-04 7.310913087413334e-05
1.370489184377639e+02    MJD1A02 6.754339885440505e-07 6.688499820753449e-08 -6.479901551568590e-04 9.209732319718429e-05
1.422641104377639e+02        D77 1.024252096115994e-06 6.688499820753449e-08 -1.676849319974890e-04 9.209732319718429e-05
1.422641104377639e+02    IPM1A06 1.024252096115994e-06 6.688499820753449e-08 -1.676849319974890e-04 9.209732319718429e-05
1.425637604377639e+02        D78 1.044294185828884e-06 6.688499820753449e-08 -1.400879691014562e-04 9.209732319718429e-05
1.427137604377639e+02    MQB1A06 1.043766243618428e-06 -7.391292942270520e-08 -1.276189382829800e-04 7.443289664404514e-05
1.429825104377639e+02        D79 1.023902143836071e-06 -7.391292942270520e-08 -1.076150973098921e-04 7.443289664404514e-05
1.429825104377639e+02   MBT1A06H 1.023902143836071e-06 -7.391292942270520e-08 -1.076150973098921e-04 7.443289664404514e-05
1.482286114377639e+02        D80 6.361474508786817e-07 -7.391292942270520e-08 2.828673962073312e-04 7.443289664404514e-05
1.492302196277639e+02    MJD1A03 5.207326462664448e-07 -1.678013375070049e-07 3.536396105930755e-04 6.567124326840740e-05
1.544454116277639e+02        D81 -3.543835466893884e-07 -1.678013375070049e-07 6.961277531165276e-04 6.567124326840740e-05
1.544454116277639e+02    IPM1A07 -3.543835466893884e-07 -1.678013375070049e-07 6.961277531165276e-04 6.567124326840740e-05
1.547450616277639e+02        D82 -4.046652174733564e-07 -1.678013375070049e-07 7.158061411619035e-04 6.567124326840740e-05
1.548950616277639e+02    MQB1A07 -4.342478013261133e-07 -2.273389221378650e-07 7.181508662958269e-04 -3.446236351912287e-05
1.553593016277639e+02        D83 -5.397876225393976e-07 -2.273389221378650e-07 7.021520586557086e-04 -3.446236351912287e-05
1.553593016277639e+02   MBT1A07V -5.397876225393976e-07 -2.273389221378650e-07 7.021520586557086e-04 -3.446236351912287e-05
1.581022196277639e+02        D84 -1.163359644171938e-06 -2.273389221378650e-07 6.076246214365643e-04 -3.446236351912287e-05
1.581022196277639e+02    IPM1A08 -1.163359644171938e-06 -2.273389221378650e-07 6.076246214365643e-04 -3.446236351912287e-05
1.584018696277638e+02        D85 -1.231481752190529e-06 -2.273389221378650e-07 5.972979742080623e-04 -3.446236351912287e-05
1.585518696277638e+02    MQB1A08 -1.242304478453043e-06 8.348298802913297e-08 6.031349753997295e-04 1.125309185489104e-04
1.588206196277638e+02        D86 -1.219868425420209e-06 8.348298802913297e-08 6.333776597597505e-04 1.125309185489104e-04
1.588206196277638e+02   MBT1A08H -1.219868425420209e-06 8.348298802913297e-08 6.333776597597505e-04 1.125309185489104e-04
1.617590383277638e+02        D87 -9.745604522635194e-07 8.348298802913297e-08 9.640406151520526e-04 1.125309185489104e-04
1.617590383277638e+02    IPM1A09 -9.745604522635194e-07 8.348298802913297e-08 9.640406151520526e-04 1.125309185489104e-04
1.620586883277637e+02        D88 -9.495447749005978e-07 8.348298802913297e-08 9.977605048952229e-04 1.125309185489104e-04
1.622086883277638e+02    MQB1A09 -9.455487990471132e-07 -3.012320332243065e-08 1.005795485679015e-03 -5.554580784154468e-06
1.626729283277638e+02        D89 -9.595331949575206e-07 -3.012320332243065e-08 1.003216827095779e-03 -5.554580784154468e-06
1.626729283277638e+02   MBT1A09V -9.595331949575206e-07 -3.012320332243065e-08 1.003216827095779e-03 -5.554580784154468e-06
1.677235443277638e+02        D90 -1.111673927629041e-06 -3.012320332243065e-08 9.751627725140359e-04 -5.554580784154468e-06
1.687251525177638e+02    MJD1A04 -1.145556533465640e-06 -1.057408043039554e-07 9.561222308238408e-04 -3.213916391345831e-05
1.711079245177638e+02        D91 -1.397512761218578e-06 -1.057408043039554e-07 8.795419309474442e-04 -3.213916391345831e-05
1.711079245177638e+02    IPM1A10 -1.397512761218578e-06 -1.057408043039554e-07 8.795419309474442e-04 -3.213916391345831e-05
1.739403445177638e+02        D92 -1.697015130145196e-06 -1.057408043039554e-07 7.885103202956844e-04 -3.213916391345831e-05
1.739403445177638e+02    IPM1A11 -1.697015130145196e-06 -1.057408043039554e-07 7.885103202956844e-04 -3.213916391345831e-05
1.742399945177638e+02        D93 -1.728700362154871e-06 -1.057408043039554e-07 7.788798198290159e-04 -3.213916391345831e-05
1.743899945177639e+02    MQB1A11 -1.719735161418666e-06 2.249944279769236e-07 7.850009511127260e-04 1.139470436488810e-04
1.746587445177638e+02        D94 -1.659267908899864e-06 2.249944279769236e-07 8.156242190933576e-04 1.139470436488810e-04
1.746587445177638e+02   MBT1A11H -1.659267908899864e-06 2.249944279769236e-07 8.156242190933576e-04 1.139470436488810e-04
1.799048405177637e+02        D95 -4.789255402678607e-07 2.249944279769236e-07 1.413401348991569e-03 1.139470436488810e-04
1.809064487077637e+02    MJD1A05 -3.074824323023550e-07 1.369837285209656e-07 1.508204376786157e-03 7.373047227540056e-05
1.861216407077637e+02        D96 4.069140128103561e-07 1.369837285209656e-07 1.892722945953048e-03 7.373047227540056e-05
1.861216407077637e+02    IPM1A13 4.069140128103561e-07 1.369837285209656e-07 1.892722945953048e-03 7.373047227540056e-05
1.864212907077637e+02        D97 4.479611870616663e-07 1.369837285209656e-07 1.914816281970373e-03 7.373047227540056e-05
1.865712907077638e+02    MQB1A13 4.732958952400012e-07 2.014101163001579e-07 1.906069798132134e-03 -1.901505706703548e-04
1.870355307077638e+02        D98 5.667985276311898e-07 2.014101163001579e-07 1.817794297204125e-03 -1.901505706703548e-04
1.870355307077638e+02   MBT1A13V 5.667985276311898e-07 2.014101163001579e-07 1.817794297204125e-03 -1.901505706703548e-04
1.897784507077638e+02        D99 1.119250363833226e-06 2.014101163001579e-07 1.296226493900989e-03 -1.901505706703548e-04
1.897784507077638e+02    IPM1A14 1.119250363833226e-06 2.014101163001579e-07 1.296226493900989e-03 -1.901505706703548e-04
1.900781007077638e+02       D100 1.179602905182573e-06 2.014101163001579e-07 1.239247875399614e-03 -1.901505706703548e-04
1.902281007077638e+02    MQB1A14 1.190358246885297e-06 -5.839482070771529e-08 1.230590992486869e-03 7.441226109925736e-05
1.904968507077638e+02       D101 1.174664638820103e-06 -5.839482070771529e-08 1.250589287657291e-03 7.441226109925736e-05
1.904968507077638e+02   MBT1A14H 1.174664638820103e-06 -5.839482070771529e-08 1.250589287657291e-03 7.441226109925736e-05
1.937348987077638e+02       D102 9.855794064171239e-07 -5.839482070771529e-08 1.491539760885222e-03 7.441226109925736e-05
1.938848987077638e+02    MQB1A15 9.863483404889146e-07 6.866502047786438e-08 1.488518669728086e-03 -1.146300807491064e-04
1.943491387077638e+02       D103 1.018225389595559e-06 6.866502047786438e-08 1.435302801041119e-03 -1.146300807491064e-04
1.943491387077638e+02   MBT1A15V 1.018225389595559e-06 6.866502047786438e-08 1.435302801041119e-03 -1.146300807491064e-04
1.993997487077638e+02       D104 1.365025628671266e-06 6.866502047786438e-08 8.563509689088791e-04 -1.146300807491064e-04
2.004013568977638e+02    MJD1A06 1.419745555755648e-06 -3.729533563499970e-08 7.295153952710686e-04 -1.364598572903868e-04
2.056165488977638e+02       D105 1.225243219714681e-06 -3.729533563499970e-08 1.785103920910168e-05 -1.364598572903868e-04
2.056165488977638e+02    IPM1A16 1.225243219714681e-06 -3.729533563499970e-08 1.785103920910168e-05 -1.364598572903868e-04
2.059161988977638e+02       D106 1.214067672391656e-06 -3.729533563499970e-08 -2.303915702796545e-05 -1.364598572903868e-04
2.060661988977638e+02    MQB1A16 1.200647277663081e-06 -1.414516231386729e-07 -4.369737956435686e-05 -1.392750913934439e-04
2.065304388977638e+02       D107 1.134979776137182e-06 -1.414516231386729e-07 -1.083544479928517e-04 -1.392750913934439e-04
2.065304388977638e+02   MBT1A16H 1.134979776137182e-06 -1.414516231386729e-07 -1.083544479928517e-04 -1.392750913934439e-04
2.115810488977638e+02       D108 4.205627937967696e-07 -1.414516231386729e-07 -8.117786173354877e-04 -1.392750913934439e-04
2.125826570877638e+02    MJD1A07 2.267777770507619e-07 -2.375237160980630e-07 -9.403026703583406e-04 -1.151573297646946e-04
2.180975090877638e+02       D109 -1.083130363720074e-06 -2.375237160980630e-07 -1.575378300725827e-03 -1.151573297646946e-04
2.182475090877638e+02    MQB1A17 -1.132304496960222e-06 -4.194922684178391e-07 -1.573532431907909e-03 1.397195935635080e-04
2.187117490877638e+02       D110 -1.327049587650526e-06 -4.194922684178391e-07 -1.508669007791984e-03 1.397195935635080e-04
2.187117490877638e+02   MBT1A17V -1.327049587650526e-06 -4.194922684178391e-07 -1.508669007791984e-03 1.397195935635080e-04
2.214546790877638e+02       D111 -2.477687515461868e-06 -4.194922684178391e-07 -1.125427943018831e-03 1.397195935635080e-04
2.214546790877638e+02    IPM1A18 -2.477687515461868e-06 -4.194922684178391e-07 -1.125427943018831e-03 1.397195935635080e-04
2.217543290877638e+02       D112 -2.603388373693288e-06 -4.194922684178391e-07 -1.083560966807523e-03 1.397195935635080e-04
2.219043290877638e+02    MQB1A18 -2.626404289120203e-06 1.133866610126346e-07 -1.078746934712203e-03 -7.537091370563691e-05
2.221730790877638e+02       D113 -2.595931623973066e-06 1.133866610126346e-07 -1.099002867770590e-03 -7.537091370563691e-05
2.221730790877638e+02   MBT1A18H -2.595931623973066e-06 1.133866610126346e-07 -1.099002867770590e-03 -7.537091370563691e-05
2.251114839877638e+02       D114 -2.262755703658902e-06 1.133866610126346e-07 -1.320473129920712e-03 -7.537091370563691e-05
2.251114839877638e+02    IPM1A19 -2.262755703658902e-06 1.133866610126346e-07 -1.320473129920712e-03 -7.537091370563691e-05
2.254111339877638e+02       D115 -2.228779390686461e-06 1.133866610126346e-07 -1.343058024212607e-03 -7.537091370563691e-05
2.255611339877638e+02    MQB1A19 -2.227114165411628e-06 -9.115868798902913e-08 -1.345268294016376e-03 4.593371331522858e-05
2.260253739877638e+02       D116 -2.269433674723657e-06 -9.115868798902913e-08 -1.323944026946914e-03 4.593371331522858e-05
2.260253739877638e+02   MBT1A19V -2.269433674723657e-06 -9.115868798902913e-08 -1.323944026946914e-03 4.593371331522858e-05
2.310759737877638e+02       D117 -2.729839726049305e-06 -9.115868798902913e-08 -1.091951223663766e-03 4.593371331522858e-05
2.320775819777638e+02    MJD1A08 -2.833851067481609e-06 -1.490461677079780e-07 -1.030785335654706e-03 7.515364931576137e-05
2.372927639777638e+02       D118 -3.611153958481241e-06 -1.490461677079780e-07 -6.388453765088332e-04 7.515364931576137e-05
2.372927639777638e+02    IPM1A21 -3.611153958481241e-06 -1.490461677079780e-07 -6.388453765088332e-04 7.515364931576137e-05
2.375924139777638e+02       D119 -3.655815642634943e-06 -1.490461677079780e-07 -6.163255854913639e-04 7.515364931576137e-05
2.377424139777638e+02    MQB1A21 -3.653004878844686e-06 1.864811073181187e-07 -6.091840163478437e-04 2.017465409232513e-05
2.380111639777638e+02       D120 -3.602888081252952e-06 1.864811073181187e-07 -6.037620780605323e-04 2.017465409232513e-05
2.380111639777638e+02   MBT1A21H -3.602888081252952e-06 1.864811073181187e-07 -6.037620780605323e-04 2.017465409232513e-05
2.387127139777638e+02       D121 -3.472062260413927e-06 1.864811073181187e-07 -5.896085494820617e-04 2.017465409232513e-05
2.387127139777638e+02    ITV1A21 -3.472062260413927e-06 1.864811073181187e-07 -5.896085494820617e-04 2.017465409232513e-05
2.388489979777638e+02       D122 -3.446647869184175e-06 1.864811073181187e-07 -5.868590669237423e-04 2.017465409232513e-05
2.388489979777638e+02    IHA1A21 -3.446647869184175e-06 1.864811073181187e-07 -5.868590669237423e-04 2.017465409232513e-05
2.442588329732222e+02       D123 -2.437815848822791e-06 1.864811073181187e-07 -4.777175171938144e-04 2.017465409232513e-05
2.442588329732222e+02    ISR1A21 -2.437815848822791e-06 1.864811073181187e-07 -4.777175171938144e-04 2.017465409232513e-05
2.432572347832221e+02       D124 -2.624594988381816e-06 1.864811073181187e-07 -4.979244142165639e-04 2.017465409232513e-05
2.442588429732222e+02    MJD1A09 -2.448826818203247e-06 1.242696721493292e-07 -4.708065732398451e-04 3.350944673315142e-05
2.494740741677638e+02       D125 -1.800731747474604e-06 1.242696721493292e-07 -2.960470613252831e-04 3.350944673315142e-05
2.494740741677638e+02    IPM1A23 -1.800731747474604e-06 1.242696721493292e-07 -2.960470613252831e-04 3.350944673315142e-05
2.497737241677638e+02       D126 -1.763494340215054e-06 1.242696721493292e-07 -2.860059556116935e-04 3.350944673315142e-05
2.499237241677638e+02    MQB1A23 -1.757041281618135e-06 -3.813119959863919e-08 -2.790594500774061e-04 5.900671179310742e-05
2.503879641677638e+02       D127 -1.774743309719806e-06 -3.813119959863919e-08 -2.516661741945729e-04 5.900671179310742e-05
2.503879641677638e+02   MBT1A23V -1.774743309719806e-06 -3.813119959863919e-08 -2.516661741945729e-04 5.900671179310742e-05
2.531308841677638e+02       D128 -1.879334139722910e-06 -3.813119959863919e-08 -8.981548428302090e-05 5.900671179310742e-05
2.531308841677638e+02    IPM1A24 -1.879334139722910e-06 -3.813119959863919e-08 -8.981548428302090e-05 5.900671179310742e-05
2.534305341677639e+02       D129 -1.890760153682643e-06 -3.813119959863919e-08 -7.213412309421508e-05 5.900671179310742e-05
2.535805341677639e+02    MQB1A24 -1.867497257295504e-06 3.475216077737414e-07 -6.432079646751628e-05 4.543323380821423e-05
2.538492841677638e+02       D130 -1.774100825206326e-06 3.475216077737414e-07 -5.211061488156075e-05 4.543323380821423e-05
2.538492841677638e+02   MBT1A24H -1.774100825206326e-06 3.475216077737414e-07 -5.211061488156075e-05 4.543323380821423e-05
2.570873497677638e+02       D131 -6.488030618174772e-07 3.475216077737414e-07 9.500517660957476e-05 4.543323380821423e-05
2.572373497677638e+02    MQB1A25 -6.045931788365901e-07 2.431693533170510e-07 1.006437506031088e-04 2.959709053392783e-05
2.577015897677638e+02       D132 -4.917042382526818e-07 2.431693533170510e-07 1.143839039125800e-04 2.959709053392783e-05
2.577015897677638e+02   MBT1A25V -4.917042382526818e-07 2.431693533170510e-07 1.143839039125800e-04 2.959709053392783e-05
2.627521997677638e+02       D133 7.364493293039397e-07 2.431693533170510e-07 2.638672653341400e-04 2.959709053392783e-05
2.637538079577638e+02    MJD1A10 9.409615093473843e-07 1.513261678733160e-07 2.899178224444004e-04 2.197410700095561e-05
2.689689999577638e+02       D134 1.730156529430957e-06 1.513261678733160e-07 4.045170094829282e-04 2.197410700095561e-05
2.689689999577638e+02    IPM1A26 1.730156529430957e-06 1.513261678733160e-07 4.045170094829282e-04 2.197410700095561e-05
2.692686499577638e+02       D135 1.775501415634200e-06 1.513261678733160e-07 4.111015506457650e-04 2.197410700095561e-05
2.694186499577638e+02    MQB1A26 1.786759879464598e-06 -1.374626332553263e-09 4.170113985792065e-04 5.690739459851521e-05
2.698828899577638e+02       D136 1.786121722935973e-06 -1.374626332553263e-09 4.434300874476222e-04 5.690739459851521e-05
2.698828899577638e+02   MBT1A26H 1.786121722935973e-06 -1.374626332553263e-09 4.434300874476222e-04 5.690739459851521e-05
2.749334897577638e+02       D137 1.779179035455704e-06 -1.374626332553263e-09 7.308465632254008e-04 5.690739459851521e-05
2.759350979477638e+02    MJD1A11 1.737610481535303e-06 -1.053540749866191e-07 7.778483337204892e-04 3.613988191676623e-05
2.814499499477638e+02       D138 1.156598350387196e-06 -1.053540749866191e-07 9.771544337889313e-04 3.613988191676623e-05
2.815999499477638e+02    MQB1A27 1.151928180000561e-06 4.298439346755452e-08 9.732897394626681e-04 -8.758804072054943e-05
2.820641899477638e+02       D139 1.171883254823939e-06 4.298439346755452e-08 9.326278674385586e-04 -8.758804072054943e-05
2.820641899477638e+02   MBT1A27V 1.171883254823939e-06 4.298439346755452e-08 9.326278674385586e-04 -8.758804072054943e-05
2.848071199477638e+02       D140 1.289786437197901e-06 4.298439346755452e-08 6.923800029049419e-04 -8.758804072054943e-05
2.848071199477638e+02    IPM1A28 1.289786437197901e-06 4.298439346755452e-08 6.923800029049419e-04 -8.758804072054943e-05
2.851067699477638e+02       D141 1.302666710700450e-06 4.298439346755452e-08 6.661342465030276e-04 -8.758804072054943e-05
2.852567699477638e+02    MQB1A28 1.287810950555249e-06 -2.405265748373479e-07 6.636862017715114e-04 5.485887485896213e-05
2.855249079777639e+02       D142 1.223316628615700e-06 -2.405265748373479e-07 6.783959524042126e-04 5.485887485896213e-05
2.855249079777639e+02   MBT1A28H 1.223316628615700e-06 -2.405265748373479e-07 6.783959524042126e-04 5.485887485896213e-05
2.884639279777639e+02       D143 5.164042146372320e-07 -2.405265748373479e-07 8.396272827922011e-04 5.485887485896213e-05
2.884639279777639e+02    IPM1A29 5.164042146372320e-07 -2.405265748373479e-07 8.396272827922011e-04 5.485887485896213e-05
2.887635779777639e+02       D144 4.443304264872138e-07 -2.405265748373479e-07 8.560657446436902e-04 5.485887485896213e-05
2.889135779777639e+02    MQB1A29 4.128060206134495e-07 -1.805397412086811e-07 8.554284471851714e-04 -6.334162418401680e-05
2.944284179777639e+02       D145 -5.828417657938343e-07 -1.805397412086811e-07 5.061095244701877e-04 -6.334162418401680e-05
2.954300261677639e+02    MJD1A12 -7.801749082613433e-07 -2.608559209568132e-07 4.355689598806391e-04 -7.630401079817921e-05
2.987266881677639e+02       D146 -1.640128710354659e-06 -2.608559209568132e-07 1.840204270346944e-04 -7.630401079817921e-05
2.987266881677639e+02   MBT1A30V -1.640128710354659e-06 -2.608559209568132e-07 1.840204270346944e-04 -7.630401079817921e-05
3.006452181677639e+02       D147 -2.140588620387948e-06 -2.608559209568132e-07 3.762889319806130e-05 -7.630401079817921e-05
3.006452181677639e+02    IPM1A31 -2.140588620387948e-06 -2.608559209568132e-07 3.762889319806130e-05 -7.630401079817921e-05
3.009448681677640e+02       D148 -2.218754097102662e-06 -2.608559209568132e-07 1.476439636238536e-05 -7.630401079817921e-05
3.010948681677639e+02    MQB1A31 -2.226073970520342e-06 1.634892346033485e-07 3.473236037685493e-06 -7.460042753335877e-05
3.013636181677639e+02       D149 -2.182136238720704e-06 1.634892346033485e-07 -1.657562886190132e-05 -7.460042753335877e-05
3.013636181677639e+02   MBT1A31H -2.182136238720704e-06 1.634892346033485e-07 -1.657562886190132e-05 -7.460042753335877e-05
3.020651681677639e+02       D150 -2.067440366184724e-06 1.634892346033485e-07 -6.891155879792894e-05 -7.460042753335877e-05
3.020651681677639e+02    ITV1A31 -2.067440366184724e-06 1.634892346033485e-07 -6.891155879792894e-05 -7.460042753335877e-05
3.066097141677638e+02       D151 -1.324456019025027e-06 1.634892346033485e-07 -4.079366333429384e-04 -7.460042753335877e-05
3.076113223577638e+02    MJD1A13 -1.187824519062119e-06 8.491805777996399e-08 -4.771494392775522e-04 -6.241700461375062e-05
3.128265263577638e+02       D152 -7.449595244558246e-07 8.491805777996399e-08 -8.026668514072010e-04 -6.241700461375062e-05
3.128265263577638e+02    IPM1A33 -7.449595244558246e-07 8.491805777996399e-08 -8.026668514072010e-04 -6.241700461375062e-05
3.131261763577638e+02       D153 -7.195138284420552e-07 8.491805777996399e-08 -8.213701068397126e-04 -6.241700461375062e-05
3.132761763577638e+02    MQB1A33 -7.132647963315896e-07 -1.475086690308600e-09 -8.234649782161820e-04 3.452625263771028e-05
3.137404163577638e+02       D154 -7.139495905766966e-07 -1.475086690308600e-09 -8.074365106916508e-04 3.452625263771028e-05
3.137404163577638e+02   MBT1A33V -7.139495905766966e-07 -1.475086690308600e-09 -8.074365106916508e-04 3.452625263771028e-05
3.164833483577638e+02       D155 -7.179956530623211e-07 -1.475086690308600e-09 -7.127333474915907e-04 3.452625263771028e-05
3.164833483577638e+02    IPM1A34 -7.179956530623211e-07 -1.475086690308600e-09 -7.127333474915907e-04 3.452625263771028e-05
3.167829983577639e+02       D156 -7.184376627890734e-07 -1.475086690308600e-09 -7.023875558887003e-04 3.452625263771028e-05
3.169329983577638e+02    MQB1A34 -7.050260859064570e-07 1.797450627935744e-07 -7.101569545248128e-04 -1.384401807723261e-04
3.172017483577638e+02       D157 -6.567196002807019e-07 1.797450627935744e-07 -7.473627531073691e-04 -1.384401807723261e-04
3.172017483577638e+02   MBT1A34H -6.567196002807019e-07 1.797450627935744e-07 -7.473627531073691e-04 -1.384401807723261e-04
3.204398070577638e+02       D158 -7.469453591991667e-08 1.797450627935744e-07 -1.195640184886771e-03 -1.384401807723261e-04
3.205898070577638e+02    MQB1A35 -4.850428849042035e-08 1.700842682615879e-07 -1.203853631036364e-03 2.911714832548080e-05
3.210540470577638e+02       D159 3.045563220734678e-08 1.700842682615879e-07 -1.190336286097742e-03 2.911714832548080e-05
3.210540470577638e+02   MBT1A35V 3.045563220734678e-08 1.700842682615879e-07 -1.190336286097742e-03 2.911714832548080e-05
3.261046450577638e+02       D160 8.894828973207865e-07 1.700842682615879e-07 -1.043277274999366e-03 2.911714832548080e-05
3.271062532477638e+02    MJD1A14 1.012531267968744e-06 7.459679801182319e-08 -9.996557446034829e-04 5.723860016046954e-05
3.323214572477638e+02       D161 1.401568787347187e-06 7.459679801182319e-08 -7.011447680922031e-04 5.723860016046954e-05
3.323214572477638e+02    IPM1A36 1.401568787347187e-06 7.459679801182319e-08 -7.011447680922031e-04 5.723860016046954e-05
3.326211072477638e+02       D162 1.423921717871429e-06 7.459679801182319e-08 -6.839932215541173e-04 5.723860016046954e-05
3.327711072477638e+02    MQB1A36 1.420785717981641e-06 -1.163412367355704e-07 -6.821713599273893e-04 -3.290671602859248e-05
3.330398572477637e+02       D163 1.389519010608960e-06 -1.163412367355704e-07 -6.910150398600721e-04 -3.290671602859248e-05
3.330398572477637e+02   MBT1A36H 1.389519010608960e-06 -1.163412367355704e-07 -6.910150398600721e-04 -3.290671602859248e-05
3.382859519477636e+02       D164 7.791818651790538e-07 -1.163412367355704e-07 -8.636467884120731e-04 -3.290671602859248e-05
3.392875601377636e+02    MJD1A15 6.335500123048479e-07 -2.157648620287547e-07 -8.847346150914421e-04 -8.839866151267525e-06
3.448024019377636e+02       D165 -5.563590677825597e-07 -2.157648620287547e-07 -9.334850784488571e-04 -8.839866151267525e-06
3.449524019377636e+02    MQB1A37 -5.943997552490996e-07 -2.922939096712926e-07 -9.256505130173378e-04 1.131307541779472e-04
3.454166419377636e+02       D166 -7.300942798749012e-07 -2.922939096712926e-07 -8.731306916977655e-04 1.131307541779472e-04
3.454166419377636e+02   MBT1A37V -7.300942798749012e-07 -2.922939096712926e-07 -8.731306916977655e-04 1.131307541779472e-04
3.481595719377636e+02       D167 -1.531836013529587e-06 -2.922939096712926e-07 -5.628209521404491e-04 1.131307541779472e-04
3.481595719377636e+02    IPM1A38 -1.531836013529587e-06 -2.922939096712926e-07 -5.628209521404491e-04 1.131307541779472e-04
3.484592219377637e+02       D168 -1.619421883562597e-06 -2.922939096712926e-07 -5.289213216510249e-04 1.131307541779472e-04
3.486092219377637e+02    MQL1A38 -1.622491818788999e-06 2.515311273732090e-07 -5.249040370033817e-04 -5.934330466172210e-05
3.488779719377636e+02       D169 -1.554892828307460e-06 2.515311273732090e-07 -5.408525501312168e-04 -5.934330466172210e-05
3.488779719377636e+02   MBT1A38H -1.554892828307460e-06 2.515311273732090e-07 -5.408525501312168e-04 -5.934330466172210e-05
3.518163801377636e+02       D170 -8.157917010787729e-07 2.515311273732090e-07 -7.152274031643210e-04 -5.934330466172210e-05
3.518163801377636e+02    IPM1A39 -8.157917010787729e-07 2.515311273732090e-07 -7.152274031643210e-04 -5.934330466172210e-05
3.521160301377637e+02       D171 -7.404203987613884e-07 2.515311273732090e-07 -7.330096244062073e-04 -5.934330466172210e-05
3.522660301377637e+02    MQB1A39 -7.119805641291387e-07 1.284778648758396e-07 -7.327124655163969e-04 6.329721554726305e-05
3.577808803377636e+02       D172 -3.444385323060585e-09 1.284778648758396e-07 -3.836378036961359e-04 6.329721554726305e-05
3.587824885277636e+02    MJD1A16 1.744604987663390e-07 2.079878978324259e-08 -3.148335296137889e-04 7.291182251208515e-05
3.614649015277636e+02       D173 2.302514428651689e-07 2.079878978324259e-08 -1.192539090536812e-04 7.291182251208515e-05
3.616149015277635e+02    MQB1A40 2.316953043406331e-07 -1.570125215029914e-09 -1.091545022745131e-04 6.191004442604460e-05
3.620791415277636e+02       D174 2.309663894108083e-07 -1.570125215029914e-09 -8.041338325016505e-05 6.191004442604460e-05
3.620791415277636e+02   MBT1A40V 2.309663894108083e-07 -1.570125215029914e-09 -8.041338325016505e-05 6.191004442604460e-05
3.640001515277636e+02       D175 2.279501631714856e-07 -1.570125215029914e-09 3.851643119271213e-05 6.191004442604460e-05
3.640001515277636e+02    IPM1R01 2.279501631714856e-07 -1.570125215029914e-09 3.851643119271213e-05 6.191004442604460e-05
3.642998015277636e+02       D176 2.274796751508034e-07 -1.570125215029914e-09 5.706777600497763e-05 6.191004442604460e-05
3.644498015277636e+02    MQB1R01 2.239872405899960e-07 -4.488689051034694e-08 6.721705202081665e-05 7.373942368962446e-05
3.647185515277636e+02       D177 2.119238887653453e-07 -4.488689051034694e-08 8.703452213739992e-05 7.373942368962446e-05
3.647185515277636e+02   MBT1R01H 2.119238887653453e-07 -4.488689051034694e-08 8.703452213739992e-05 7.373942368962446e-05
3.654201015277636e+02       D178 1.804334907278046e-07 -4.488689051034694e-08 1.387664148268557e-04 7.373942368962446e-05
3.654201015277636e+02    ITV1R01 1.804334907278046e-07 -4.488689051034694e-08 1.387664148268557e-04 7.373942368962446e-05
3.700001515277636e+02       D179 -2.515071215411827e-08 -4.488689051034694e-08 4.764966622965225e-04 7.373942368962446e-05
3.700001515277636e+02    IPM1R02 -2.515071215411827e-08 -4.488689051034694e-08 4.764966622965225e-04 7.373942368962446e-05
3.702998015277636e+02       D180 -3.860106889554528e-08 -4.488689051034694e-08 4.985926806051200e-04 7.373942368962446e-05
3.704498015277636e+02    MQL1R02 -4.614306346986772e-08 -5.600958450560785e-08 4.997523209577872e-04 -5.832788707122055e-05
3.709140415277636e+02       D181 -7.214495298075232e-08 -5.600958450560785e-08 4.726741826638427e-04 -5.832788707122055e-05
3.709140415277636e+02   MBT1R02V -7.214495298075232e-08 -5.600958450560785e-08 4.726741826638427e-04 -5.832788707122055e-05
3.745805715277636e+02       D182 -2.775057748581006e-07 -5.600958450560785e-08 2.588132348806022e-04 -5.832788707122055e-05
3.745805715277636e+02    IDA1R02 -2.775057748581006e-07 -5.600958450560785e-08 2.588132348806022e-04 -5.832788707122055e-05
3.760001515277636e+02       D183 -3.570158608305683e-07 -5.600958450560785e-08 1.760121329520389e-04 -5.832788707122055e-05
3.760001515277636e+02    IPM1R03 -3.570158608305683e-07 -5.600958450560785e-08 1.760121329520389e-04 -5.832788707122055e-05
3.762998015277636e+02       D184 -3.737991328276779e-07 -5.600958450560785e-08 1.585341815911465e-04 -5.832788707122055e-05
3.764498015277636e+02    MQL1R03 -3.723353919738541e-07 7.544172358987974e-08 1.538918625334716e-04 -3.845458385051985e-06
3.767185515277636e+02       D185 -3.520604287590781e-07 7.544172358987974e-08 1.528583955924891e-04 -3.845458385051985e-06
3.767185515277636e+02   MBT1R03H -3.520604287590781e-07 7.544172358987974e-08 1.528583955924891e-04 -3.845458385051985e-06
3.820001515277636e+02       D186 4.639257855322993e-08 7.544172358987974e-08 1.325482225859984e-04 -3.845458385051985e-06
3.820001515277636e+02    IPM1R04 4.639257855322993e-08 7.544172358987974e-08 1.325482225859984e-04 -3.845458385051985e-06
3.822998015277636e+02       D187 6.899869102693791e-08 7.544172358987974e-08 1.313959309809175e-04 -3.845458385051985e-06
3.824498015277636e+02    MQL1R04 8.168908589453363e-08 9.430184724925744e-08 1.283559194813860e-04 -3.656229373061379e-05
3.829140415277636e+02       D188 1.254677754615302e-07 9.430184724925744e-08 1.113822402398852e-04 -3.656229373061379e-05
3.829140415277636e+02   MBT1R04V 1.254677754615302e-07 9.430184724925744e-08 1.113822402398852e-04 -3.656229373061379e-05
3.834195015277636e+02       D189 1.731335871721349e-07 9.430184724925744e-08 9.290146325081023e-05 -3.656229373061379e-05
3.834195015277636e+02    ITV1R04 1.731335871721349e-07 9.430184724925744e-08 9.290146325081023e-05 -3.656229373061379e-05
3.861093015277636e+02       D190 4.267866959031866e-07 9.430184724925744e-08 -5.443794425793666e-06 -3.656229373061379e-05
3.862593015277636e+02    MQB1R05 4.460628125369771e-07 1.632258033006032e-07 -1.084196926574084e-05 -3.527218477359514e-05
3.878096515277635e+02       D191 6.991199366840600e-07 1.632258033006032e-07 -6.552620092948336e-05 -3.527218477359514e-05
3.878096515277635e+02    IPM1R06 6.991199366840600e-07 1.632258033006032e-07 -6.552620092948336e-05 -3.527218477359514e-05
3.881093015277636e+02       D192 7.480305486430869e-07 1.632258033006032e-07 -7.609551109689184e-05 -3.527218477359514e-05
3.882593015277636e+02    MQL1R06 7.493189397501914e-07 -1.461324674223813e-07 -8.379623297728893e-05 -6.794211965109668e-05
3.885280515277635e+02       D193 7.100458391304381e-07 -1.461324674223813e-07 -1.020556776335181e-04 -6.794211965109668e-05
3.885280515277635e+02   MBT1R06H 7.100458391304381e-07 -1.461324674223813e-07 -1.020556776335181e-04 -6.794211965109668e-05
3.901093015277635e+02       D194 4.789738750188045e-07 -1.461324674223813e-07 -2.094891543318100e-04 -6.794211965109668e-05
3.902593015277635e+02    MQL1R07 4.661408730268750e-07 -2.552933669422116e-08 -2.156088862106538e-04 -1.339652938502670e-05
3.907235415277635e+02       D195 4.542891337599476e-07 -2.552933669422116e-08 -2.218280910123588e-04 -1.339652938502670e-05
3.907235415277635e+02   MBT1R07V 4.542891337599476e-07 -2.552933669422116e-08 -2.218280910123588e-04 -1.339652938502670e-05
3.911782775277634e+02       D196 4.426800253089663e-07 -2.552933669422116e-08 -2.279199751987882e-04 -1.339652938502670e-05
3.921916280673635e+02    MXI1R01 3.980965185642436e-07 -6.021484381789701e-08 -2.388086280019391e-04 -8.574113158748093e-06
3.925693749073634e+02       D197 3.753505515909422e-07 -6.021484381789701e-08 -2.420474721534582e-04 -8.574113158748093e-06
3.935827254469634e+02    MXI1R02 2.988726263061753e-07 -8.726217189402859e-08 -2.474623473389777e-04 -2.150448943468709e-06
3.939530089169634e+02       D198 2.665608864975189e-07 -8.726217189402859e-08 -2.482586230358231e-04 -2.150448943468709e-06
3.939530089169634e+02    IPM1R08 2.665608864975189e-07 -8.726217189402859e-08 -2.482586230358231e-04 -2.150448943468709e-06
3.941764589169633e+02       D199 2.470621541878081e-07 -8.726217189402859e-08 -2.487391408522410e-04 -2.150448943468709e-06
3.944764589169633e+02    MQN1R08 2.411477976339725e-07 4.725079020716509e-08 -2.288561678223690e-04 1.329439817823541e-04
3.957593100169634e+02       D200 3.017635258271041e-07 4.725079020716509e-08 -5.830883455449334e-05 1.329439817823541e-04
3.957593100169634e+02    IPM1R09 3.017635258271041e-07 4.725079020716509e-08 -5.830883455449334e-05 1.329439817823541e-04
3.960577600169634e+02       D201 3.158655241644395e-07 4.725079020716509e-08 -1.863170319155240e-05 1.329439817823541e-04
3.962077600169633e+02    MQL1R09 3.152851658102702e-07 -5.495785901747527e-08 1.017607793813094e-06 1.301185896834232e-04
3.963985140169633e+02       D202 3.048017343712539e-07 -5.495785901747527e-08 2.583824925028090e-05 1.301185896834232e-04
3.963985140169633e+02   MBT1R09H 3.048017343712539e-07 -5.495785901747527e-08 2.583824925028090e-05 1.301185896834232e-04
4.019630079169633e+02       D203 -1.010936888544466e-09 -5.495785901747527e-08 7.498823478202923e-04 1.301185896834232e-04
4.019630079169633e+02    IPM1R10 -1.010936888544466e-09 -5.495785901747527e-08 7.498823478202923e-04 1.301185896834232e-04
4.022614579169633e+02       D204 -1.741310991230927e-08 -5.495785901747527e-08 7.887162409113074e-04 1.301185896834232e-04
4.024114579169633e+02    MQB1R10 -2.587816048399113e-08 -5.811877349168771e-08 7.994723245185490e-04 1.303386670883636e-05
4.026022119169633e+02       D205 -3.696454900262310e-08 -5.811877349168771e-08 8.019585867287259e-04 1.303386670883636e-05
4.026022119169633e+02   MBT1R10H -3.696454900262310e-08 -5.811877349168771e-08 8.019585867287259e-04 1.303386670883636e-05
4.027980459169632e+02       D206 -4.834618089059222e-08 -5.811877349168771e-08 8.045110609817840e-04 1.303386670883636e-05
4.027980459169632e+02   MBT1R10V -4.834618089059222e-08 -5.811877349168771e-08 8.045110609817840e-04 1.303386670883636e-05
4.032753415269634e+02       D207 -7.608601633676457e-08 -5.811877349168771e-08 8.107320683432380e-04 1.303386670883636e-05
4.042835950515633e+02    MXJ1R04 -1.314281667681787e-07 -4.942001760139508e-08 8.156971776707246e-04 -3.153636778166577e-06
4.076456183515634e+02       D208 -2.975794174304810e-07 -4.942001760139508e-08 8.050945773427915e-04 -3.153636778166577e-06
4.076456183515634e+02   IPM1R10A -2.975794174304810e-07 -4.942001760139508e-08 8.050945773427915e-04 -3.153636778166577e-06
4.081065387215634e+02       D209 -3.203581102287233e-07 -4.942001760139508e-08 8.036410019121534e-04 -3.153636778166577e-06
4.091298578066634e+02    MXQ1R06 -3.369044172198051e-07 -1.663513045786641e-08 8.449088652222881e-04 -2.880273722786075e-06
