0.000000000000000e+00      _BEG_ 7.038843791683235e-22 1.507718646112655e-22 1.355252715606881e-22 7.115076756936123e-23
1.023319085100000e+00    MXQ1S01 -1.450284537744347e-11 -1.279840077188273e-11 1.253290243415192e-07 3.854406559280965e-07
4.385342385099980e+00         D0 -5.753136697537998e-11 -1.279840077188273e-11 1.421189490339055e-06 3.854406559280965e-07
4.385342385099980e+00    IPM1S00 -5.753136697537998e-11 -1.279840077188273e-11 1.421189490339055e-06 3.854406559280965e-07
4.846262755100013e+00         D1 -6.343041059450371e-11 -1.279840077188273e-11 1.598846940082488e-06 3.854406559280965e-07
5.854516279700013e+00    MXJ1S03 -5.984801200540484e-11 2.164373949497078e-11 1.832951825156496e-06 -5.105170410438210e-08
6.419949889699970e+00         D2 -4.760991424890184e-11 2.164373949497078e-11 1.804085475808106e-06 -5.105170410438210e-08
6.419949889699970e+00    IPM1S01 -4.760991424890184e-11 2.164373949497078e-11 1.804085475808106e-06 -5.105170410438210e-08
6.718399889700007e+00         D3 -4.115034019651798e-11 2.164373949497078e-11 1.788849094718152e-06 -5.105170410438210e-08
6.868399889700007e+00    MQB1S01 -3.832655564126747e-11 1.607347553651000e-11 1.761810974337585e-06 -3.088089018079996e-07
7.059153889699977e+00         D4 -3.526047588862246e-11 1.607347553651000e-11 1.702904441082111e-06 -3.088089018079996e-07
7.059153889699977e+00   MBT1S01H -3.526047588862246e-11 1.607347553651000e-11 1.702904441082111e-06 -3.088089018079996e-07
7.254987889699968e+00         D5 -3.211274288059232e-11 1.607347553651000e-11 1.642429158605446e-06 -3.088089018079996e-07
7.254987889699968e+00   MBT1S01V -3.211274288059232e-11 1.607347553651000e-11 1.642429158605446e-06 -1.298656734163731e-05
7.748509889700009e+00         D6 -2.418012908674797e-11 1.607347553651000e-11 -4.766727528974618e-06 -1.298656734163731e-05
7.748509889700009e+00    ITV1S01 -2.418012908674797e-11 1.607347553651000e-11 -4.766727528974618e-06 -1.298656734163731e-05
1.262364978969998e+01         D7 5.418031283254614e-11 1.607347553651000e-11 -6.807806014022722e-05 -1.298656734163731e-05
1.262364978969998e+01    IPM1S02 5.418031283254614e-11 1.607347553651000e-11 -6.807806014022722e-05 -1.298656734163731e-05
1.292209978970001e+01         D8 5.897744160618802e-11 1.607347553651000e-11 -7.195390116333937e-05 -1.298656734163731e-05
1.307209978970002e+01    MQL1S02 5.998254254066266e-11 -2.723971828786818e-12 -7.565321515816573e-05 -3.653831766425607e-05
1.326285378969999e+01         D9 5.946293401812612e-11 -2.723971828786818e-12 -8.262304540589212e-05 -3.653831766425607e-05
1.326285378969999e+01   MBT1S02H 5.946293401812612e-11 -2.723971828786818e-12 -8.262304540589212e-05 -3.653831766425607e-05
1.345868778969998e+01        D10 5.892948771889412e-11 -2.723971828786818e-12 -8.977849030735373e-05 -3.653831766425607e-05
1.345868778969998e+01   MBT1S02V 5.892948771889412e-11 -2.723971828786818e-12 -8.977849030735373e-05 2.231011888676704e-06
1.442995085970000e+01        D11 5.628379447807140e-11 -2.723971828786818e-12 -8.761159085115104e-05 2.231011888676704e-06
1.442995085970000e+01    IPM1S03 5.628379447807140e-11 -2.723971828786818e-12 -8.761159085115104e-05 2.231011888676704e-06
1.465340085969996e+01        D12 5.567512297271603e-11 -2.723971828786818e-12 -8.711307124462631e-05 2.231011888676704e-06
1.495340085969996e+01    MQN1S03 5.942212436941564e-11 2.806001739251836e-11 -7.934994480309880e-05 4.884272341454973e-05
1.554713232970007e+01        D13 7.608223974399017e-11 2.806001739251836e-11 -5.035048283136960e-05 4.884272341454973e-05
1.656048286930007e+01    MXI1S05 1.043153384388032e-10 2.020997046116179e-11 -1.262362020782420e-06 4.976824045457345e-05
1.693822970930008e+01        D14 1.119495909169795e-10 2.020997046116179e-11 1.753743354329346e-05 4.976824045457345e-05
1.795158024890008e+01    MXI1S06 1.194582124833135e-10 -2.374094494984471e-13 6.662683082340200e-05 4.859203647808659e-05
1.860505024890006e+01        D15 1.193030725305628e-10 -2.374094494984471e-13 9.838026890073638e-05 4.859203647808659e-05
1.890505024890006e+01    MQN1S04 1.252568327359221e-10 4.027117514197247e-11 1.079714003744991e-04 1.484543830687063e-05
1.979975024890006e+01        D16 1.612874531355004e-10 4.027117514197247e-11 1.212536140276562e-04 1.484543830687063e-05
1.979975024890006e+01    ITV1S04 1.612874531355004e-10 4.027117514197247e-11 1.212536140276562e-04 1.484543830687063e-05
2.038040024890011e+01        D17 1.846709109817423e-10 4.027117514197247e-11 1.298736177805413e-04 1.484543830687063e-05
2.038040024890011e+01    IPM1S05 1.846709109817423e-10 4.027117514197247e-11 1.298736177805413e-04 1.484543830687063e-05
2.068005024890008e+01        D18 1.967381686127111e-10 4.027117514197247e-11 1.343220533691946e-04 1.484543830687063e-05
2.083005024890008e+01    MQL1S05 1.967345594120178e-10 -4.031747671647185e-11 1.405810739666376e-04 6.902960703937609e-05
2.109880024890009e+01        D19 1.858992375443846e-10 -4.031747671647185e-11 1.591327808584707e-04 6.902960703937609e-05
2.109880024890009e+01   MBT1S05H 1.858992375443846e-10 -4.031747671647185e-11 1.591327808584707e-04 6.902960703937609e-05
2.129489024890011e+01        D20 1.779933835346600e-10 -4.031747671647185e-11 1.726687965028239e-04 6.902960703937609e-05
2.129489024890011e+01   MBT1S05V 1.779933835346600e-10 -4.031747671647185e-11 1.726687965028239e-04 6.902960703937609e-05
2.268005024890007e+01        D21 1.221472274862481e-10 -4.031747671647185e-11 2.682858469894833e-04 6.902960703937609e-05
2.283005024890007e+01    MQB1S06 1.185280295892924e-10 -8.101480177716242e-12 2.733368534886783e-04 -1.899932061328099e-06
2.638040024890011e+01        D22 8.976493944025930e-11 -8.101480177716242e-12 2.665914296947420e-04 -1.899932061328099e-06
2.638040024890011e+01    IPM1S07 8.976493944025930e-11 -8.101480177716242e-12 2.665914296947420e-04 -1.899932061328099e-06
2.668005024889996e+01        D23 8.733733090511282e-11 -8.101480177716242e-12 2.660221150525653e-04 -1.899932061328099e-06
2.683005024889996e+01    MQL1S07 8.663146406299039e-11 -1.319317039814968e-12 2.642254644245695e-04 -2.203277451882719e-05
2.729429024889998e+01        D24 8.601898432048925e-11 -1.319317039814968e-12 2.539969691819488e-04 -2.203277451882719e-05
2.729429024889998e+01   MBT1S07V 8.601898432048925e-11 -1.319317039814968e-12 2.539969691819488e-04 -2.203277451882719e-05
3.185811274890011e+01        D25 7.999785552945788e-11 -1.319317039814968e-12 1.534432970954957e-04 -2.203277451882719e-05
3.185811274890011e+01   MAZ1S08H 7.999785552945788e-11 -1.319317039814968e-12 1.534432970954957e-04 -2.203277451882719e-05
3.238040024890012e+01        D26 7.930879273118250e-11 -1.319317039814968e-12 1.419358543739936e-04 -2.203277451882719e-05
3.238040024890012e+01    IPM1S08 7.930879273118250e-11 -1.319317039814968e-12 1.419358543739936e-04 -2.203277451882719e-05
3.268005024889997e+01        D27 7.891345938011197e-11 -1.319317039814968e-12 1.353337334894304e-04 -2.203277451882719e-05
3.283005024889997e+01    MQL1S08 7.807078075377085e-11 -9.901114172720308e-12 1.330999134922312e-04 -7.791253572395388e-06
3.309880024889998e+01        D28 7.540985631975612e-11 -9.901114172720308e-12 1.310060140946498e-04 -7.791253572395388e-06
3.309880024889998e+01   MBT1S08H 7.540985631975612e-11 -9.901114172720308e-12 1.310060140946498e-04 -7.791253572395388e-06
3.329489024890012e+01        D29 7.346834684151746e-11 -9.901114172720308e-12 1.294782271816377e-04 -7.791253572395388e-06
3.329489024890012e+01   MBT1S08V 7.346834684151746e-11 -9.901114172720308e-12 1.294782271816377e-04 -7.791253572395388e-06
3.795919204889998e+01        D30 2.728656218377724e-11 -9.901114172720308e-12 9.313746911965856e-05 -7.791253572395388e-06
3.795919204889998e+01   MAZ1S09V 2.728656218377724e-11 -9.901114172720308e-12 9.313746911965856e-05 -7.791253572395388e-06
3.838040024890012e+01        D31 2.311613170530570e-11 -9.901114172720308e-12 8.985572922668526e-05 -7.791253572395388e-06
3.838040024890012e+01    IPM1S09 2.311613170530570e-11 -9.901114172720308e-12 8.985572922668526e-05 -7.791253572395388e-06
3.868005024889997e+01        D32 2.014926284341802e-11 -9.901114172720308e-12 8.752108009371817e-05 -7.791253572395388e-06
3.883005024889997e+01    MQL1S09 1.879276552023117e-11 -8.205351482293588e-12 8.579768484252052e-05 -1.516304049478319e-05
3.929429024889998e+01        D33 1.498351314797462e-11 -8.205351482293588e-12 7.875839492322210e-05 -1.516304049478319e-05
3.929429024889998e+01   MBT1S09V 1.498351314797462e-11 -8.205351482293588e-12 7.875839492322210e-05 -1.516304049478319e-05
4.438040024890012e+01        D34 -2.674980707973294e-11 -8.205351482293588e-12 1.637503032298420e-06 -1.516304049478319e-05
4.438040024890012e+01    IPM1S10 -2.674980707973294e-11 -8.205351482293588e-12 1.637503032298420e-06 -1.516304049478319e-05
4.468005024889997e+01        D35 -2.920854065135026e-11 -8.205351482293588e-12 -2.906102051961072e-06 -1.516304049478319e-05
4.483005024889997e+01    MQB1S10 -3.028798662778502e-11 -6.175056853124152e-12 -5.198743019436419e-06 -1.543085341047736e-05
4.509880024889998e+01        D36 -3.194753315730335e-11 -6.175056853124152e-12 -9.345784873502379e-06 -1.543085341047736e-05
4.509880024889998e+01   MBT1S10H -3.194753315730335e-11 -6.175056853124152e-12 -9.345784873502379e-06 -1.543085341047736e-05
4.529489024890012e+01        D37 -3.315840005536528e-11 -6.175056853124152e-12 -1.237162091876505e-05 -1.543085341047736e-05
4.529489024890012e+01   MBT1S10V -3.315840005536528e-11 -6.175056853124152e-12 -1.237162091876505e-05 -1.543085341047736e-05
6.016205624890011e+01        D38 -1.249639953501799e-10 -6.175056853124152e-12 -2.417846800939980e-04 -1.543085341047736e-05
6.016205624890011e+01   MAZ1E01H -1.249639953501799e-10 -6.175056853124152e-12 -2.417846800939980e-04 -1.543085341047736e-05
6.045415624890012e+01        D39 -1.267677294570661e-10 -6.175056853124152e-12 -2.462920323751986e-04 -1.543085341047736e-05
6.045415624890012e+01   MAZ1E01V -1.267677294570661e-10 -6.175056853124152e-12 -2.462920323751986e-04 -1.543085341047736e-05
6.093046624890007e+01        D40 -1.297089707866987e-10 -6.175056853124152e-12 -2.536419021631423e-04 -1.543085341047736e-05
6.093046624890007e+01    IPM1E01 -1.297089707866987e-10 -6.175056853124152e-12 -2.536419021631423e-04 -1.543085341047736e-05
6.123005424890008e+01        D41 -1.315589437191246e-10 -6.175056853124152e-12 -2.582648006746805e-04 -1.543085341047736e-05
6.138005424890008e+01    MQB1E01 -1.331562629065385e-10 -1.514064166275713e-11 -2.593002570189700e-04 1.636105090878147e-06
6.164880424890009e+01        D42 -1.372253103532490e-10 -1.514064166275713e-11 -2.588605537757965e-04 1.636105090878147e-06
6.164880424890009e+01   MBT1E01H -1.372253103532490e-10 -1.514064166275713e-11 -2.588605537757965e-04 1.636105090878147e-06
6.184489424890012e+01        D43 -1.401942387772794e-10 -1.514064166275713e-11 -2.585397299285262e-04 1.636105090878147e-06
6.184489424890012e+01   MBT1E01V -1.401942387772794e-10 -1.514064166275713e-11 -2.585397299285262e-04 1.636105090878147e-06
6.220869424890020e+01        D44 -1.457024042142798e-10 -1.514064166275713e-11 -2.579445148964646e-04 1.636105090878147e-06
6.220869424890020e+01    IHA1E01 -1.457024042142798e-10 -1.514064166275713e-11 -2.579445148964646e-04 1.636105090878147e-06
6.283065424890021e+01        D45 -1.551192777027874e-10 -1.514064166275713e-11 -2.569269229741420e-04 1.636105090878147e-06
6.333072272611611e+01    MBW1E01 -4.300669917745351e-11 7.193332220287437e-10 -2.561141194877494e-04 2.035605014059716e-06
6.908308572611598e+01        D46 4.094859111891685e-09 7.193332220287437e-10 -2.444045805222581e-04 2.035605014059716e-06
7.008322268054798e+01    MBX1E02 3.847525258086990e-09 -2.147142723610362e-09 -2.419822886246848e-04 2.804486672965449e-06
7.583558568054798e+01        D47 -8.503619100928871e-09 -2.147142723610362e-09 -2.258498632531252e-04 2.804486672965449e-06
7.633565415776388e+01    MBW1E03 -9.478851365476212e-09 -1.320623026467134e-09 -2.242665298303747e-04 3.156874414024581e-06
7.748540525776389e+01        D48 -1.099723914284203e-08 -1.320623026467134e-09 -2.206369100002881e-04 3.156874414024581e-06
7.748540525776389e+01    IPM1E02 -1.099723914284203e-08 -1.320623026467134e-09 -2.206369100002881e-04 3.156874414024581e-06
7.778505525776390e+01        D49 -1.139296383272315e-08 -1.320623026467134e-09 -2.196909525821255e-04 3.156874414024581e-06
7.793505525776391e+01    MQB1E02 -1.153189844071056e-08 -5.302498276304069e-10 -2.203516345131935e-04 -1.197357077906558e-05
7.820380525776392e+01        D50 -1.167440308188627e-08 -5.302498276304069e-10 -2.235695316600675e-04 -1.197357077906558e-05
7.820380525776392e+01   MBT1E02H -1.167440308188627e-08 -5.302498276304069e-10 -2.235695316600675e-04 -1.197357077906558e-05
7.839989525776400e+01        D51 -1.177837977058650e-08 -5.302498276304069e-10 -2.259174291541355e-04 -1.197357077906558e-05
7.839989525776400e+01   MBT1E02V -1.177837977058650e-08 -5.302498276304069e-10 -2.259174291541355e-04 -1.197357077906558e-05
9.403540125776399e+01        D52 -2.006910413200096e-08 -5.302498276304069e-10 -4.131302669116401e-04 -1.197357077906558e-05
9.403540125776399e+01    IPM1E03 -2.006910413200096e-08 -5.302498276304069e-10 -4.131302669116401e-04 -1.197357077906558e-05
9.433505125776384e+01        D53 -2.022799349285035e-08 -5.302498276304069e-10 -4.167181473955853e-04 -1.197357077906558e-05
9.448505125776384e+01    MQB1E03 -2.039586122169006e-08 -1.709616101036211e-09 -4.166974195924345e-04 1.224974131756908e-05
9.475380125776385e+01        D54 -2.085532054884335e-08 -1.709616101036211e-09 -4.134053016133376e-04 1.224974131756908e-05
9.475380125776385e+01   MBT1E03H -2.085532054884335e-08 -1.709616101036211e-09 -4.134053016133376e-04 1.224974131756908e-05
9.494989125776394e+01        D55 -2.119055917009589e-08 -1.709616101036211e-09 -4.110032498383745e-04 1.224974131756908e-05
9.494989125776394e+01   MBT1E03V -2.119055917009589e-08 -1.709616101036211e-09 -4.110032498383745e-04 1.224974131756908e-05
9.565144125776399e+01        D56 -2.238994034577761e-08 -1.709616101036211e-09 -4.024094438170333e-04 1.224974131756908e-05
9.565144125776399e+01    IHA1E03 -2.238994034577761e-08 -1.709616101036211e-09 -4.024094438170333e-04 1.224974131756908e-05
1.105854012577640e+02        D57 -4.792127881400832e-08 -1.709616101036211e-09 -2.194722969701093e-04 1.224974131756908e-05
1.105854012577640e+02    IPM1A01 -4.792127881400832e-08 -1.709616101036211e-09 -2.194722969701093e-04 1.224974131756908e-05
1.108850512577639e+02        D58 -4.843356527868374e-08 -1.709616101036211e-09 -2.158016619843009e-04 1.224974131756908e-05
1.110350512577639e+02    MQB1A01 -4.831637009275523e-08 3.270219762056742e-09 -2.156253876595617e-04 -9.896381657763097e-06
1.113038012577640e+02        D59 -4.743749853170236e-08 3.270219762056742e-09 -2.182850402300868e-04 -9.896381657763097e-06
1.113038012577640e+02   MBT1A01H -4.743749853170236e-08 3.270219762056742e-09 -2.182850402300868e-04 -9.896381657763097e-06
1.114998912577640e+02        D60 -4.679624113856066e-08 3.270219762056742e-09 -2.202256217093573e-04 -9.896381657763097e-06
1.114998912577640e+02   MBT1A01V -4.679624113856066e-08 3.270219762056742e-09 -2.202256217093573e-04 -9.896381657763097e-06
1.120053512577640e+02        D61 -4.514327585763165e-08 3.270219762056742e-09 -2.252278467820905e-04 -9.896381657763097e-06
1.120053512577640e+02    ITV1A01 -4.514327585763165e-08 3.270219762056742e-09 -2.252278467820905e-04 -9.896381657763097e-06
1.137199712577640e+02        D62 -3.953609164921356e-08 3.270219762056742e-09 -2.421963807001242e-04 -9.896381657763097e-06
1.138699712577640e+02    MQB1A02 -3.891053716096896e-08 5.065746952088262e-09 -2.445139605158900e-04 -2.102239128150025e-05
1.165523912577640e+02        D63 -2.532207622174856e-08 5.065746952088262e-09 -3.009048433372117e-04 -2.102239128150025e-05
1.175539994477640e+02    MJD1A01 -4.959727639506129e-08 -8.192906838159843e-08 -3.178409727678076e-04 -1.250528120549248e-05
1.211438414477640e+02        D64 -3.437096870921941e-07 -8.192906838159843e-08 -3.627329564610949e-04 -1.250528120549248e-05
1.211438414477640e+02    SBC1A02 -3.437096870921941e-07 -8.192906838159843e-08 -3.627329564610949e-04 -1.250528120549248e-05
1.217358414477640e+02        D65 -3.922116955741038e-07 -8.192906838159843e-08 -3.701360829347470e-04 -1.250528120549248e-05
1.217358414477640e+02    SSS1A02 -3.922116955741038e-07 -8.192906838159843e-08 -3.701360829347470e-04 -1.250528120549248e-05
1.227691914477640e+02        D66 -4.768730983862267e-07 -8.192906838159843e-08 -3.830584152684424e-04 -1.250528120549248e-05
1.227691914477640e+02    IPM1A03 -4.768730983862267e-07 -8.192906838159843e-08 -3.830584152684424e-04 -1.250528120549248e-05
1.230688414477639e+02        D67 -5.014231437267649e-07 -8.192906838159843e-08 -3.868056227816671e-04 -1.250528120549248e-05
1.232188414477639e+02    MQB1A03 -5.200458118149497e-07 -1.668948467100721e-07 -3.839583802460973e-04 5.039182023207943e-05
1.236830814477639e+02        D68 -5.975250754516270e-07 -1.668948467100721e-07 -3.605644816215587e-04 5.039182023207943e-05
1.236830814477639e+02   MBT1A03V -5.975250754516270e-07 -1.668948467100721e-07 -3.605644816215587e-04 5.039182023207943e-05
1.264260014477640e+02        D69 -1.055304288389642e-06 -1.668948467100721e-07 -2.223437500705764e-04 5.039182023207943e-05
1.264260014477640e+02    IPM1A04 -1.055304288389642e-06 -1.668948467100721e-07 -2.223437500705764e-04 5.039182023207943e-05
1.267256514477639e+02        D70 -1.105314329206300e-06 -1.668948467100721e-07 -2.072438411380385e-04 5.039182023207943e-05
1.268756514477639e+02    MQL1A04 -1.102021123209537e-06 2.106210480363448e-07 -2.048163644496605e-04 -1.788859941883293e-05
1.271444014477639e+02        D71 -1.045416716549779e-06 2.106210480363448e-07 -2.096239255434710e-04 -1.788859941883293e-05
1.271444014477639e+02   MBT1A04H -1.045416716549779e-06 2.106210480363448e-07 -2.096239255434710e-04 -1.788859941883293e-05
1.278459514477639e+02        D72 -8.976555202998809e-07 2.106210480363448e-07 -2.221736724657532e-04 -1.788859941883293e-05
1.278459514477639e+02    ITV1A04 -8.976555202998809e-07 2.106210480363448e-07 -2.221736724657532e-04 -1.788859941883293e-05
1.300828204477639e+02        D73 -4.265238271998683e-07 2.106210480363448e-07 -2.621881259591588e-04 -1.788859941883293e-05
1.300828204477639e+02    IPM1A05 -4.265238271998683e-07 2.106210480363448e-07 -2.621881259591588e-04 -1.788859941883293e-05
1.303824704477639e+02        D74 -3.634112301557740e-07 2.106210480363448e-07 -2.675484447750124e-04 -1.788859941883293e-05
1.305324704477639e+02    MQB1A05 -3.352676253715510e-07 1.652392411241999e-07 -2.676813324739795e-04 1.611955636693735e-05
1.309967104477639e+02        D75 -2.585569600720494e-07 1.652392411241999e-07 -2.601979896261923e-04 1.611955636693735e-05
1.309967104477639e+02   MBT1A05V -2.585569600720494e-07 1.652392411241999e-07 -2.601979896261923e-04 1.611955636693735e-05
1.360473102477639e+02        D76 5.760003181019872e-07 1.652392411241999e-07 -1.787845614632498e-04 1.611955636693735e-05
1.370489184377639e+02    MJD1A02 7.086053722788224e-07 7.157226706060071e-08 -1.601427139792251e-04 2.078491923997555e-05
1.422641104377639e+02        D77 1.081868486875131e-06 7.157226706060071e-08 -5.174536943825856e-05 2.078491923997555e-05
1.422641104377639e+02    IPM1A06 1.081868486875131e-06 7.157226706060071e-08 -5.174536943825856e-05 2.078491923997555e-05
1.425637604377639e+02        D78 1.103315116699837e-06 7.157226706060071e-08 -4.551716838800065e-05 2.078491923997555e-05
1.427137604377639e+02    MQB1A06 1.102526502784783e-06 -8.206932111565738e-08 -4.285492601036493e-05 1.477252676612507e-05
1.429825104377639e+02        D79 1.080470372734949e-06 -8.206932111565738e-08 -3.888480944196865e-05 1.477252676612507e-05
1.429825104377639e+02   MBT1A06H 1.080470372734949e-06 -8.206932111565738e-08 -3.888480944196865e-05 1.477252676612507e-05
1.482286114377639e+02        D80 6.499264251607763e-07 -8.206932111565738e-08 3.861335799832713e-05 1.477252676612507e-05
1.492302196277639e+02    MJD1A03 5.369085434828412e-07 -1.709424306862152e-07 5.290135926183603e-05 1.351278301156725e-05
1.544454116277639e+02        D81 -3.545890534924627e-07 -1.709424306862152e-07 1.233731171214975e-04 1.351278301156725e-05
1.544454116277639e+02    IPM1A07 -3.545890534924627e-07 -1.709424306862152e-07 1.233731171214975e-04 1.351278301156725e-05
1.547450616277639e+02        D82 -4.058119528475809e-07 -1.709424306862152e-07 1.274222225509131e-04 1.351278301156725e-05
1.548950616277639e+02    MQB1A07 -4.357541636355463e-07 -2.289811306602281e-07 1.281514598456685e-04 -3.805957250632410e-06
1.553593016277639e+02        D83 -5.420563637332547e-07 -2.289811306602281e-07 1.263845822516348e-04 -3.805957250632410e-06
1.553593016277639e+02   MBT1A07V -5.420563637332547e-07 -2.289811306602281e-07 1.263845822516348e-04 -3.805957250632410e-06
1.581022196277639e+02        D84 -1.170132828681538e-06 -2.289811306602281e-07 1.159451536016448e-04 -3.805957250632410e-06
1.581022196277639e+02    IPM1A08 -1.170132828681538e-06 -2.289811306602281e-07 1.159451536016448e-04 -3.805957250632410e-06
1.584018696277638e+02        D85 -1.238747024483854e-06 -2.289811306602281e-07 1.148046985114931e-04 -3.805957250632410e-06
1.585518696277638e+02    MQB1A08 -1.249255557494520e-06 8.930906065792503e-08 1.163875113585984e-04 2.497682869985234e-05
1.588206196277638e+02        D86 -1.225253747442702e-06 8.930906065792503e-08 1.231000340716840e-04 2.497682869985234e-05
1.588206196277638e+02   MBT1A08H -1.225253747442702e-06 8.930906065792503e-08 1.231000340716840e-04 2.497682869985234e-05
1.617590383277638e+02        D87 -9.628263335260155e-07 8.930906065792503e-08 1.964924145900283e-04 2.497682869985234e-05
1.617590383277638e+02    IPM1A09 -9.628263335260155e-07 8.930906065792503e-08 1.964924145900283e-04 2.497682869985234e-05
1.620586883277637e+02        D88 -9.360648734998762e-07 8.930906065792503e-08 2.039767213099367e-04 2.497682869985234e-05
1.622086883277638e+02    MQB1A09 -9.307879499433745e-07 -1.884787107702288e-08 2.059774369586477e-04 1.661710097888770e-06
1.626729283277638e+02        D89 -9.395378856121720e-07 -1.884787107702288e-08 2.067488692544916e-04 1.661710097888770e-06
1.626729283277638e+02   MBT1A09V -9.395378856121720e-07 -1.884787107702288e-08 2.067488692544916e-04 1.661710097888770e-06
1.677235443277638e+02        D90 -1.034731244839723e-06 -1.884787107702288e-08 2.151415288622503e-04 1.661710097888770e-06
1.687251525177638e+02    MJD1A04 -1.073767677903417e-06 -8.923813222471166e-08 2.138375162580648e-04 -4.243267895537242e-06
1.711079245177638e+02        D91 -1.286401800700751e-06 -8.923813222471166e-08 2.037267763280800e-04 -4.243267895537242e-06
1.711079245177638e+02    IPM1A10 -1.286401800700751e-06 -8.923813222471166e-08 2.037267763280800e-04 -4.243267895537242e-06
1.739403445177638e+02        D92 -1.539161671176675e-06 -8.923813222471166e-08 1.917080594754022e-04 -4.243267895537242e-06
1.739403445177638e+02    IPM1A11 -1.539161671176675e-06 -8.923813222471166e-08 1.917080594754022e-04 -4.243267895537242e-06
1.742399945177638e+02        D93 -1.565901877497812e-06 -8.923813222471166e-08 1.904365642505044e-04 -4.243267895537242e-06
1.743899945177639e+02    MQB1A11 -1.556273028591062e-06 2.173124289128082e-07 1.925369463337032e-04 3.231598517221767e-05
1.746587445177638e+02        D94 -1.497870313320755e-06 2.173124289128082e-07 2.012218673487352e-04 3.231598517221767e-05
1.746587445177638e+02   MBT1A11H -1.497870313320755e-06 2.173124289128082e-07 2.012218673487352e-04 3.231598517221767e-05
1.799048405177637e+02        D95 -3.578284492510054e-07 2.173124289128082e-07 3.707546278967631e-04 3.231598517221767e-05
1.809064487077637e+02    MJD1A05 -1.692180830437192e-07 1.345349578076363e-07 3.980569941521237e-04 2.173319566010657e-05
1.861216407077637e+02        D96 5.324075526350030e-07 1.345349578076363e-07 5.113997822931462e-04 2.173319566010657e-05
1.861216407077637e+02    IPM1A13 5.324075526350030e-07 1.345349578076363e-07 5.113997822931462e-04 2.173319566010657e-05
1.864212907077637e+02        D97 5.727209527420643e-07 1.345349578076363e-07 5.179121343726976e-04 2.173319566010657e-05
1.865712907077638e+02    MQB1A13 5.988233094667970e-07 2.140943276079211e-07 5.159739334690004e-04 -4.753293731379860e-05
1.870355307077638e+02        D98 6.982144601155018e-07 2.140943276079211e-07 4.939072426504418e-04 -4.753293731379860e-05
1.870355307077638e+02   MBT1A13V 6.982144601155018e-07 2.140943276079211e-07 4.939072426504418e-04 -4.753293731379860e-05
1.897784507077638e+02        D99 1.285458073197827e-06 2.140943276079211e-07 3.635281982336758e-04 -4.753293731379860e-05
1.897784507077638e+02    IPM1A14 1.285458073197827e-06 2.140943276079211e-07 3.635281982336758e-04 -4.753293731379860e-05
1.900781007077638e+02       D100 1.349611438465545e-06 2.140943276079211e-07 3.492849535675952e-04 -4.753293731379860e-05
1.902281007077638e+02    MQB1A14 1.359035770158050e-06 -8.878485186118295e-08 3.478667873914434e-04 2.857175221377582e-05
1.904968507077638e+02       D101 1.335174841220361e-06 -8.878485186118295e-08 3.555454457988944e-04 2.857175221377582e-05
1.904968507077638e+02   MBT1A14H 1.335174841220361e-06 -8.878485186118295e-08 3.555454457988944e-04 2.857175221377582e-05
1.937348987077638e+02       D102 1.047685229220960e-06 -8.878485186118295e-08 4.480621509112076e-04 2.857175221377582e-05
1.938848987077638e+02    MQB1A15 1.044162709356678e-06 4.174547205562342e-08 4.482228206024423e-04 -2.643275213685297e-05
1.943491387077638e+02       D103 1.063542627303781e-06 4.174547205562342e-08 4.359516797504292e-04 -2.643275213685297e-05
1.943491387077638e+02   MBT1A15V 1.063542627303781e-06 4.174547205562342e-08 4.359516797504292e-04 -2.643275213685297e-05
1.993997487077638e+02       D104 1.274382725922630e-06 4.174547205562342e-08 3.024501574805193e-04 -2.643275213685297e-05
2.004013568977638e+02    MJD1A06 1.282979592450147e-06 -5.379530612510848e-08 2.717532394854067e-04 -3.433673437567015e-05
2.056165488977638e+02       D105 1.002426742308931e-06 -5.379530612510848e-08 9.268057706328678e-05 -3.433673437567015e-05
2.056165488977638e+02    IPM1A16 1.002426742308931e-06 -5.379530612510848e-08 9.268057706328678e-05 -3.433673437567015e-05
2.059161988977638e+02       D106 9.863069788285400e-07 -5.379530612510848e-08 8.239157460761652e-05 -3.433673437567015e-05
2.060661988977638e+02    MQB1A16 9.715628080974371e-07 -1.425725313204264e-07 7.777762082038326e-05 -2.725105632435805e-05
2.065304388977638e+02       D107 9.053749361572413e-07 -1.425725313204264e-07 6.512659043236278e-05 -2.725105632435805e-05
2.065304388977638e+02   MBT1A16H 9.053749361572413e-07 -1.425725313204264e-07 6.512659043236278e-05 -2.725105632435805e-05
2.115810488977638e+02       D108 1.852966837449880e-07 -1.425725313204264e-07 -7.250786715000214e-05 -2.725105632435805e-05
2.125826570877638e+02    MJD1A07 1.261818391762933e-08 -2.307794236012385e-07 -9.884749958037500e-05 -2.489231003305372e-05
2.180975090877638e+02       D109 -1.260096181888508e-06 -2.307794236012385e-07 -2.361249053507814e-04 -2.489231003305372e-05
2.182475090877638e+02    MQB1A17 -1.310064399544518e-06 -4.368127434151603e-07 -2.370614458847863e-04 1.242949365563687e-05
2.187117490877638e+02       D110 -1.512850347547579e-06 -4.368127434151603e-07 -2.312911777500932e-04 1.242949365563687e-05
2.187117490877638e+02   MBT1A17V -1.512850347547579e-06 -4.368127434151603e-07 -2.312911777500932e-04 1.242949365563687e-05
2.214546790877638e+02       D111 -2.710997125843324e-06 -4.368127434151603e-07 -1.971979467172371e-04 1.242949365563687e-05
2.214546790877638e+02    IPM1A18 -2.710997125843324e-06 -4.368127434151603e-07 -1.971979467172371e-04 1.242949365563687e-05
2.217543290877638e+02       D112 -2.841888064407685e-06 -4.368127434151603e-07 -1.934734489433253e-04 1.242949365563687e-05
2.219043290877638e+02    MQB1A18 -2.862902293562970e-06 1.573445930346274e-07 -1.945607678054138e-04 -2.696433533877803e-05
2.221730790877638e+02       D113 -2.820615934184921e-06 1.573445930346274e-07 -2.018074329277092e-04 -2.696433533877803e-05
2.221730790877638e+02   MBT1A18H -2.820615934184921e-06 1.573445930346274e-07 -2.018074329277092e-04 -2.696433533877803e-05
2.251114839877638e+02       D114 -2.358273811023463e-06 1.573445930346274e-07 -2.810395680124183e-04 -2.696433533877803e-05
2.251114839877638e+02    IPM1A19 -2.358273811023463e-06 1.573445930346274e-07 -2.810395680124183e-04 -2.696433533877803e-05
2.254111339877638e+02       D115 -2.311125503720635e-06 1.573445930346274e-07 -2.891194310966836e-04 -2.696433533877803e-05
2.255611339877638e+02    MQB1A19 -2.302715100940718e-06 -4.508301938117968e-08 -2.912920388059790e-04 -1.972745920699912e-06
2.260253739877638e+02       D116 -2.323644441858238e-06 -4.508301938117968e-08 -2.922078663722048e-04 -1.972745920699912e-06
2.260253739877638e+02   MBT1A19V -2.323644441858238e-06 -4.508301938117968e-08 -2.922078663722048e-04 -1.972745920699912e-06
2.310759737877638e+02       D117 -2.551340730528217e-06 -4.508301938117968e-08 -3.021714165247424e-04 -1.972745920699912e-06
2.320775819777638e+02    MJD1A08 -2.608995093160250e-06 -1.028509747432612e-07 -2.999775738934283e-04 6.315889740651835e-06
2.372927639777638e+02       D118 -3.145381645323766e-06 -1.028509747432612e-07 -2.670390594039960e-04 6.315889740651835e-06
2.372927639777638e+02    IPM1A21 -3.145381645323766e-06 -1.028509747432612e-07 -2.670390594039960e-04 6.315889740651835e-06
2.375924139777638e+02       D119 -3.176200939905586e-06 -1.028509747432612e-07 -2.651465030432096e-04 6.315889740651835e-06
2.377424139777638e+02    MQB1A21 -3.168730010957898e-06 2.023451828600184e-07 -2.660672383596951e-04 -1.860684237533030e-05
2.380111639777638e+02       D120 -3.114349743064278e-06 2.023451828600184e-07 -2.710678272480643e-04 -1.860684237533030e-05
2.380111639777638e+02   MBT1A21H -3.114349743064278e-06 2.023451828600184e-07 -2.710678272480643e-04 -1.860684237533030e-05
2.387127139777638e+02       D121 -2.972394480028833e-06 2.023451828600184e-07 -2.841214575164772e-04 -1.860684237533030e-05
2.387127139777638e+02    ITV1A21 -2.972394480028833e-06 2.023451828600184e-07 -2.841214575164772e-04 -1.860684237533030e-05
2.388489979777638e+02       D122 -2.944818069127929e-06 2.023451828600184e-07 -2.866572724227576e-04 -1.860684237533030e-05
2.388489979777638e+02    IHA1A21 -2.944818069127929e-06 2.023451828600184e-07 -2.866572724227576e-04 -1.860684237533030e-05
2.442588329732222e+02       D123 -1.850164017729378e-06 2.023451828600184e-07 -3.873172194597972e-04 -1.860684237533030e-05
2.442588329732222e+02    ISR1A21 -1.850164017729378e-06 2.023451828600184e-07 -3.873172194597972e-04 -1.860684237533030e-05
2.432572347832221e+02       D124 -2.052832586637199e-06 2.023451828600184e-07 -3.686806398150505e-04 -1.860684237533030e-05
2.442588429732222e+02    MJD1A09 -1.873605810697136e-06 1.356942022441075e-07 -3.822573922428894e-04 -8.270140579122482e-06
2.494740741677638e+02       D125 -1.165929174235228e-06 1.356942022441075e-07 -4.253880873743734e-04 -8.270140579122482e-06
2.494740741677638e+02    IPM1A23 -1.165929174235228e-06 1.356942022441075e-07 -4.253880873743734e-04 -8.270140579122482e-06
2.497737241677638e+02       D126 -1.125268406532778e-06 1.356942022441075e-07 -4.278662349989076e-04 -8.270140579122482e-06
2.499237241677638e+02    MQB1A23 -1.112340318333616e-06 3.686928830501855e-08 -4.263465621475868e-04 2.851074657098134e-05
2.503879641677638e+02       D127 -1.095224119930893e-06 3.686928830501855e-08 -4.131107331594739e-04 2.851074657098134e-05
2.503879641677638e+02   MBT1A23V -1.095224119930893e-06 3.686928830501855e-08 -4.131107331594739e-04 2.851074657098134e-05
2.531308841677638e+02       D128 -9.940946116532923e-07 3.686928830501855e-08 -3.349080361749969e-04 2.851074657098134e-05
2.531308841677638e+02    IPM1A24 -9.940946116532923e-07 3.686928830501855e-08 -3.349080361749969e-04 2.851074657098134e-05
2.534305341677639e+02       D129 -9.830467294126928e-07 3.686928830501855e-08 -3.263647909650018e-04 2.851074657098134e-05
2.535805341677639e+02    MQB1A24 -9.621003026751135e-07 2.416968523398581e-07 -3.270616245307025e-04 -3.782573768562398e-05
2.538492841677638e+02       D130 -8.971442736087871e-07 2.416968523398581e-07 -3.372272915337123e-04 -3.782573768562398e-05
2.538492841677638e+02   MBT1A24H -8.971442736087871e-07 2.416968523398581e-07 -3.372272915337123e-04 -3.782573768562398e-05
2.570873497677638e+02       D131 -1.145140104188126e-07 2.416968523398581e-07 -4.597095115281549e-04 -3.782573768562398e-05
2.572373497677638e+02    MQB1A25 -7.957112153924859e-08 2.251548119550884e-07 -4.599436580753940e-04 3.470988154088750e-05
2.577015897677638e+02       D132 2.495474836278574e-08 2.251548119550884e-07 -4.438299426688517e-04 3.470988154088750e-05
2.577015897677638e+02   MBT1A25V 2.495474836278574e-08 2.251548119550884e-07 -4.438299426688517e-04 3.470988154088750e-05
2.627521997677638e+02       D133 1.162123893171266e-06 2.251548119550884e-07 -2.685238678596313e-04 3.470988154088750e-05
2.637538079577638e+02    MJD1A10 1.355136869146442e-06 1.322567187910186e-07 -2.299911042559094e-04 4.157198650503626e-05
2.689689999577638e+02       D134 2.044881050931611e-06 1.322567187910186e-07 -1.318521281073636e-05 4.157198650503626e-05
2.689689999577638e+02    IPM1A26 2.044881050931611e-06 1.322567187910186e-07 -1.318521281073636e-05 4.157198650503626e-05
2.692686499577638e+02       D135 2.084511776717343e-06 1.322567187910186e-07 -7.281670545014096e-07 4.157198650503626e-05
2.694186499577638e+02    MQB1A26 2.090212781266675e-06 -5.632949920509091e-08 5.516577270827882e-06 4.178385598495726e-05
2.698828899577638e+02       D136 2.064062374555703e-06 -5.632949920509091e-08 2.491431457328520e-05 4.178385598495726e-05
2.698828899577638e+02   MBT1A26H 2.064062374555703e-06 -5.632949920509091e-08 2.491431457328520e-05 4.178385598495726e-05
2.749334897577638e+02       D137 1.779564617136374e-06 -5.632949920509091e-08 2.359478492541366e-04 4.178385598495726e-05
2.759350979477638e+02    MJD1A11 1.684996563181594e-06 -1.595045551132529e-07 2.746108436233156e-04 3.475594417047956e-05
2.814499499477638e+02       D138 8.053525484061611e-07 -1.595045551132529e-07 4.662847318437732e-04 3.475594417047956e-05
2.815999499477638e+02    MQB1A27 7.889265900731546e-07 -5.985170782953123e-08 4.672029526007704e-04 -2.253164614923996e-05
2.820641899477638e+02       D139 7.611410332303725e-07 -5.985170782953123e-08 4.567428611924468e-04 -2.253164614923996e-05
2.820641899477638e+02   MBT1A27V 7.611410332303725e-07 -5.985170782953123e-08 4.567428611924468e-04 -2.253164614923996e-05
2.848071199477638e+02       D140 5.969719882735175e-07 -5.985170782953123e-08 3.949401330203120e-04 -2.253164614923996e-05
2.848071199477638e+02    IPM1A28 5.969719882735175e-07 -5.985170782953123e-08 3.949401330203120e-04 -2.253164614923996e-05
2.851067699477638e+02       D141 5.790374240223963e-07 -5.985170782953123e-08 3.881885252516918e-04 -2.253164614923996e-05
2.852567699477638e+02    MQB1A28 5.603987351012712e-07 -1.879781575359041e-07 3.911814971841168e-04 6.254832013507451e-05
2.855249079777639e+02       D142 5.099946422565559e-07 -1.879781575359041e-07 4.079530805249479e-04 6.254832013507451e-05
2.855249079777639e+02   MBT1A28H 5.099946422565559e-07 -1.879781575359041e-07 4.079530805249479e-04 6.254832013507451e-05
2.884639279777639e+02       D143 -4.247692230462325e-08 -1.879781575359041e-07 5.917838443683364e-04 6.254832013507451e-05
2.884639279777639e+02    IPM1A29 -4.247692230462325e-08 -1.879781575359041e-07 5.917838443683364e-04 6.254832013507451e-05
2.887635779777639e+02       D144 -9.880457721026098e-08 -1.879781575359041e-07 6.105264484968128e-04 6.254832013507451e-05
2.889135779777639e+02    MQB1A29 -1.280907765065782e-07 -2.031750283603548e-07 6.137624080660839e-04 -1.947387847903176e-05
2.944284179777639e+02       D145 -1.248568549909400e-06 -2.031750283603548e-07 5.063670840747800e-04 -1.947387847903176e-05
2.954300261677639e+02    MJD1A12 -1.469598669237246e-06 -2.728149417942877e-07 4.798356270413503e-04 -3.304902572582620e-05
2.987266881677639e+02       D146 -2.368977320882676e-06 -2.728149417942877e-07 3.708841597939977e-04 -3.304902572582620e-05
2.987266881677639e+02   MBT1A30V -2.368977320882676e-06 -2.728149417942877e-07 3.708841597939977e-04 -3.304902572582620e-05
3.006452181677639e+02       D147 -2.892380971163281e-06 -2.728149417942877e-07 3.074786124682273e-04 -3.304902572582620e-05
3.006452181677639e+02    IPM1A31 -2.892380971163281e-06 -2.728149417942877e-07 3.074786124682273e-04 -3.304902572582620e-05
3.009448681677640e+02       D148 -2.974129968471943e-06 -2.728149417942877e-07 2.975754719094829e-04 -3.304902572582620e-05
3.010948681677639e+02    MQB1A31 -2.971427318459655e-06 3.087651035503128e-07 2.968758320784654e-04 2.369796907230772e-05
3.013636181677639e+02       D149 -2.888446696880524e-06 3.087651035503128e-07 3.032446612666470e-04 2.369796907230772e-05
3.013636181677639e+02   MBT1A31H -2.888446696880524e-06 3.087651035503128e-07 3.032446612666470e-04 2.369796907230772e-05
3.020651681677639e+02       D150 -2.671832538484804e-06 3.087651035503128e-07 3.198699714693244e-04 2.369796907230772e-05
3.020651681677639e+02    ITV1A31 -2.671832538484804e-06 3.087651035503128e-07 3.198699714693244e-04 2.369796907230772e-05
3.066097141677638e+02       D151 -1.268635322205669e-06 3.087651035503128e-07 4.275664820250023e-04 2.369796907230772e-05
3.076113223577638e+02    MJD1A13 -9.889550140822760e-07 2.273870825659056e-07 4.454378943698242e-04 1.168102519879877e-05
3.128265263577638e+02       D152 1.969150084637588e-07 2.273870825659056e-07 5.063568237107000e-04 1.168102519879877e-05
3.128265263577638e+02    IPM1A33 1.969150084637588e-07 2.273870825659056e-07 5.063568237107000e-04 1.168102519879877e-05
3.131261763577638e+02       D153 2.650515477546366e-07 2.273870825659056e-07 5.098570429115202e-04 1.168102519879877e-05
3.132761763577638e+02    MQB1A33 3.015027787834654e-07 2.593340082728610e-07 5.072671050940225e-04 -4.616476579160699e-05
3.137404163577638e+02       D154 4.218959987840638e-07 2.593340082728610e-07 4.858355742229260e-04 -4.616476579160699e-05
3.137404163577638e+02   MBT1A33V 4.218959987840638e-07 2.593340082728610e-07 4.858355742229260e-04 -4.616476579160699e-05
3.164833483577638e+02       D155 1.133231548763958e-06 2.593340082728610e-07 3.592087608606219e-04 -4.616476579160699e-05
3.164833483577638e+02    IPM1A34 1.133231548763958e-06 2.593340082728610e-07 3.592087608606219e-04 -4.616476579160699e-05
3.167829983577639e+02       D156 1.210940984342926e-06 2.593340082728610e-07 3.453754887911659e-04 -4.616476579160699e-05
3.169329983577638e+02    MQB1A34 1.226765365863339e-06 -4.900681457489351e-08 3.448974790810900e-04 3.977115917290184e-05
3.172017483577638e+02       D157 1.213594784446338e-06 -4.900681457489351e-08 3.555859781088055e-04 3.977115917290184e-05
3.172017483577638e+02   MBT1A34H 1.213594784446338e-06 -4.900681457489351e-08 3.555859781088055e-04 3.977115917290184e-05
3.204398070577638e+02       D158 1.054907842152818e-06 -4.900681457489351e-08 4.843673260777049e-04 3.977115917290184e-05
3.205898070577638e+02    MQB1A35 1.058402724810611e-06 9.569049228073514e-08 4.854061399147407e-04 -2.594358209103167e-05
3.210540470577638e+02       D159 1.102826078947021e-06 9.569049228073514e-08 4.733620913647997e-04 -2.594358209103167e-05
3.210540470577638e+02   MBT1A35V 1.102826078947021e-06 9.569049228073514e-08 4.733620913647997e-04 -2.594358209103167e-05
3.261046450577638e+02       D160 1.586120287879116e-06 9.569049228073514e-08 3.423314875429997e-04 -2.594358209103167e-05
3.271062532477638e+02    MJD1A14 1.647144471393843e-06 -1.945197370197489e-09 3.115746879245116e-04 -3.494466115067583e-05
3.323214572477638e+02       D161 1.636999870287998e-06 -1.945197370197489e-09 1.293311513128635e-04 -3.494466115067583e-05
3.323214572477638e+02    IPM1A36 1.636999870287998e-06 -1.945197370197489e-09 1.293311513128635e-04 -3.494466115067583e-05
3.326211072477638e+02       D162 1.636416991896019e-06 -1.945197370197489e-09 1.188599835990628e-04 -3.494466115067583e-05
3.327711072477638e+02    MQB1A36 1.619081801380396e-06 -2.287931566252367e-07 1.148175985333058e-04 -1.904624849241217e-05
3.330398572477637e+02       D163 1.557593640537375e-06 -2.287931566252367e-07 1.096989192509709e-04 -1.904624849241217e-05
3.330398572477637e+02   MBT1A36H 1.557593640537375e-06 -2.287931566252367e-07 1.096989192509709e-04 -1.904624849241217e-05
3.382859519477636e+02       D164 3.573230741694702e-07 -2.287931566252367e-07 9.780495980046118e-06 -1.904624849241217e-05
3.392875601377636e+02    MJD1A15 9.853850435449097e-08 -3.182815987397722e-07 -9.463670750004168e-06 -1.905058667191972e-05
3.448024019377636e+02       D165 -1.656734160546425e-06 -3.182815987397722e-07 -1.145246424428295e-04 -1.905058667191972e-05
3.449524019377636e+02    MQB1A37 -1.720695104019188e-06 -5.359177208684189e-07 -1.162850820032873e-04 -4.384938690360076e-06
3.454166419377636e+02       D166 -1.969489546755152e-06 -5.359177208684189e-07 -1.183207459409002e-04 -4.384938690360076e-06
3.454166419377636e+02   MBT1A37V -1.969489546755152e-06 -5.359177208684189e-07 -1.183207459409002e-04 -4.384938690360076e-06
3.481595719377636e+02       D167 -3.439474340856764e-06 -5.359177208684189e-07 -1.303483258228495e-04 -4.384938690360076e-06
3.481595719377636e+02    IPM1A38 -3.439474340856764e-06 -5.359177208684189e-07 -1.303483258228495e-04 -4.384938690360076e-06
3.484592219377637e+02       D168 -3.600062085914996e-06 -5.359177208684189e-07 -1.316622727014160e-04 -4.384938690360076e-06
3.486092219377637e+02    MQL1A38 -3.588688091554959e-06 6.869426878166518e-07 -1.356250850209760e-04 -4.867598755782901e-05
3.488779719377636e+02       D169 -3.404072244204264e-06 6.869426878166518e-07 -1.487067566771403e-04 -4.867598755782901e-05
3.488779719377636e+02   MBT1A38H -3.404072244204264e-06 6.869426878166518e-07 -1.487067566771403e-04 -4.867598755782901e-05
3.518163801377636e+02       D170 -1.385554217393755e-06 6.869426878166518e-07 -2.917366776601646e-04 -4.867598755782901e-05
3.518163801377636e+02    IPM1A39 -1.385554217393755e-06 6.869426878166518e-07 -2.917366776601646e-04 -4.867598755782901e-05
3.521160301377637e+02       D171 -1.179711840989482e-06 6.869426878166518e-07 -3.063224373318690e-04 -4.867598755782901e-05
3.522660301377637e+02    MQB1A39 -1.090974645617415e-06 4.986885538170482e-07 -3.098597720688078e-04 1.606807640383416e-06
3.577808803377636e+02       D172 1.659218025138200e-06 4.986885538170482e-07 -3.009984686318780e-04 1.606807640383416e-06
3.587824885277636e+02    MJD1A16 2.121808708342499e-06 3.894733541374067e-07 -2.952293886775532e-04 9.813964683842095e-06
3.614649015277636e+02       D173 3.166537096634270e-06 3.894733541374067e-07 -2.689042822280745e-04 9.813964683842095e-06
3.616149015277635e+02    MQB1A40 3.200622607303598e-06 6.442276163025930e-08 -2.694592834147873e-04 -1.722332838252789e-05
3.620791415277636e+02       D174 3.230530230162829e-06 6.442276163025930e-08 -2.774550413830924e-04 -1.722332838252789e-05
3.620791415277636e+02   MBT1A40V 3.230530230162829e-06 6.442276163025930e-08 -2.774550413830924e-04 -1.722332838252789e-05
3.640001515277636e+02       D175 3.354286999482175e-06 6.442276163025930e-08 -3.105412274392127e-04 -1.722332838252789e-05
3.640001515277636e+02    IPM1R01 3.354286999482175e-06 6.442276163025930e-08 -3.105412274392127e-04 -1.722332838252789e-05
3.642998015277636e+02       D176 3.373591280004683e-06 6.442276163025930e-08 -3.157021977890375e-04 -1.722332838252789e-05
3.644498015277636e+02    MQB1R01 3.333307038314549e-06 -6.002329547090573e-07 -3.229248366230375e-04 -7.931541422185604e-05
3.647185515277636e+02       D177 3.171994431736519e-06 -6.002329547090573e-07 -3.442408541951577e-04 -7.931541422185604e-05
3.647185515277636e+02   MBT1R01H 3.171994431736519e-06 -6.002329547090573e-07 -3.442408541951577e-04 -7.931541422185604e-05
3.654201015277636e+02       D178 2.750901002360379e-06 -6.002329547090573e-07 -3.998845830425006e-04 -7.931541422185604e-05
3.654201015277636e+02    ITV1R01 2.750901002360379e-06 -6.002329547090573e-07 -3.998845830425006e-04 -7.931541422185604e-05
3.700001515277636e+02       D179 1.804058145144324e-09 -6.002329547090573e-07 -7.631531459493148e-04 -7.931541422185604e-05
3.700001515277636e+02    IPM1R02 1.804058145144324e-09 -6.002329547090573e-07 -7.631531459493148e-04 -7.931541422185604e-05
3.702998015277636e+02       D180 -1.780557467334367e-07 -6.002329547090573e-07 -7.869200098208955e-04 -7.931541422185604e-05
3.704498015277636e+02    MQL1R02 -2.721498634216143e-07 -6.585318053990446e-07 -7.834699716592088e-04 1.251684816263094e-04
3.709140415277636e+02       D181 -5.778666687600789e-07 -6.585318053990446e-07 -7.253617557490086e-04 1.251684816263094e-04
3.709140415277636e+02   MBT1R02V -5.778666687600789e-07 -6.585318053990446e-07 -7.253617557490086e-04 1.251684816263094e-04
3.745805715277636e+02       D182 -2.992393289209818e-06 -6.585318053990446e-07 -2.664277628117002e-04 1.251684816263094e-04
3.745805715277636e+02    IDA1R02 -2.992393289209818e-06 -6.585318053990446e-07 -2.664277628117002e-04 1.251684816263094e-04
3.760001515277636e+02       D183 -3.927231869518193e-06 -6.585318053990446e-07 -8.874108966462387e-05 1.251684816263094e-04
3.760001515277636e+02    IPM1R03 -3.927231869518193e-06 -6.585318053990446e-07 -8.874108966462387e-05 1.251684816263094e-04
3.762998015277636e+02       D184 -4.124560925006031e-06 -6.585318053990446e-07 -5.123435414529775e-05 1.251684816263094e-04
3.764498015277636e+02    MQL1R03 -4.112036824963093e-06 8.247881751679544e-07 -3.366162392534010e-05 1.101908864721510e-04
3.767185515277636e+02       D185 -3.890375002886742e-06 8.247881751679544e-07 -4.047823185954462e-06 1.101908864721510e-04
3.767185515277636e+02   MBT1R03H -3.890375002886742e-06 8.247881751679544e-07 -4.047823185954462e-06 1.101908864721510e-04
3.820001515277636e+02       D186 4.658262230803518e-07 8.247881751679544e-07 5.779363628053617e-04 1.101908864721510e-04
3.820001515277636e+02    IPM1R04 4.658262230803518e-07 8.247881751679544e-07 5.779363628053617e-04 1.101908864721510e-04
3.822998015277636e+02       D187 7.129739997694456e-07 8.247881751679544e-07 6.109550619367440e-04 1.101908864721510e-04
3.824498015277636e+02    MQL1R04 8.507987495116518e-07 1.018679427549777e-06 6.160986562262004e-04 -4.181891597700838e-05
3.829140415277636e+02       D188 1.323710486957380e-06 1.018679427549777e-06 5.966846426730334e-04 -4.181891597700838e-05
3.829140415277636e+02   MBT1R04V 1.323710486957380e-06 1.018679427549777e-06 5.966846426730334e-04 -4.181891597700838e-05
3.834195015277636e+02       D189 1.838612190406661e-06 1.018679427549777e-06 5.755468534032960e-04 -4.181891597700838e-05
3.834195015277636e+02    ITV1R04 1.838612190406661e-06 1.018679427549777e-06 5.755468534032960e-04 -4.181891597700838e-05
3.861093015277636e+02       D190 4.578656114630021e-06 1.018679427549777e-06 4.630623332083400e-04 -4.181891597700838e-05
3.862593015277636e+02    MQB1R05 4.785547675582742e-06 1.745278898232202e-06 4.514760351931002e-04 -1.123698649377473e-04
3.878096515277635e+02       D191 7.491340815457005e-06 1.745278898232202e-06 2.772634150868660e-04 -1.123698649377473e-04
3.878096515277635e+02    IPM1R06 7.491340815457005e-06 1.745278898232202e-06 2.772634150868660e-04 -1.123698649377473e-04
3.881093015277636e+02       D192 8.014313637312315e-06 1.745278898232202e-06 2.435917850582678e-04 -1.123698649377473e-04
3.882593015277636e+02    MQL1R06 8.022880715394154e-06 -1.631642196732010e-06 2.341805901639723e-04 -1.377696947490870e-05
3.885280515277635e+02       D193 7.584376875022494e-06 -1.631642196732010e-06 2.304780296175911e-04 -1.377696947490870e-05
3.885280515277635e+02   MBT1R06H 7.584376875022494e-06 -1.631642196732010e-06 2.304780296175911e-04 -1.377696947490870e-05
3.901093015277635e+02       D194 5.004342651440124e-06 -1.631642196732010e-06 2.086931966353927e-04 -1.377696947490870e-05
3.902593015277635e+02    MQL1R07 4.853763200549580e-06 -3.825380566313328e-07 2.027128931961739e-04 -6.571251482736074e-05
3.907235415277635e+02       D195 4.676173733139043e-06 -3.825380566313328e-07 1.722065153127187e-04 -6.571251482736074e-05
3.907235415277635e+02   MBT1R07V 4.676173733139043e-06 -3.825380566313328e-07 1.722065153127187e-04 -6.571251482736074e-05
3.911782775277634e+02       D196 4.502219907418739e-06 -3.825380566313328e-07 1.423246691701844e-04 -6.571251482736074e-05
3.921916280673635e+02    MXI1R01 3.922781861139623e-06 -7.333857215979773e-07 7.547126552181071e-05 -6.850251157573079e-05
3.925693749073634e+02       D197 3.645747722304900e-06 -7.333857215979773e-07 4.959465824201806e-05 -6.850251157573079e-05
3.935827254469634e+02    MXI1R02 2.748265190956826e-06 -9.920076997659650e-07 -1.878614842319607e-05 -6.849894691958959e-05
3.939530089169634e+02       D198 2.380941137620762e-06 -9.920076997659650e-07 -4.415017617992778e-05 -6.849894691958959e-05
3.939530089169634e+02    IPM1R08 2.380941137620762e-06 -9.920076997659650e-07 -4.415017617992778e-05 -6.849894691958959e-05
3.941764589169633e+02       D199 2.159277017108145e-06 -9.920076997659650e-07 -5.945626586910404e-05 -6.849894691958959e-05
3.944764589169633e+02    MQN1R08 2.036107250732211e-06 1.588413180580201e-07 -7.460036036680066e-05 -3.114025859015779e-05
3.957593100169634e+02       D200 2.239877010328396e-06 1.588413180580201e-07 -1.145486753534697e-04 -3.114025859015779e-05
3.957593100169634e+02    IPM1R09 2.239877010328396e-06 1.588413180580201e-07 -1.145486753534697e-04 -3.114025859015779e-05
3.960577600169634e+02       D201 2.287283201702810e-06 1.588413180580201e-07 -1.238424855297016e-04 -3.114025859015779e-05
3.962077600169633e+02    MQL1R09 2.254445205017888e-06 -5.949146650935486e-07 -1.315935784430359e-04 -7.263588117196859e-05
3.963985140169633e+02       D202 2.140962852992650e-06 -5.949146650935486e-07 -1.454491633201114e-04 -7.263588117196859e-05
3.963985140169633e+02   MBT1R09H 2.140962852992650e-06 -5.949146650935486e-07 -1.454491633201114e-04 -7.263588117196859e-05
4.019630079169633e+02       D203 -1.169436171940942e-06 -5.949146650935486e-07 -5.496310810226556e-04 -7.263588117196859e-05
4.019630079169633e+02    IPM1R10 -1.169436171940942e-06 -5.949146650935486e-07 -5.496310810226556e-04 -7.263588117196859e-05
4.022614579169633e+02       D204 -1.346988453738100e-06 -5.949146650935486e-07 -5.713092597584282e-04 -7.263588117196859e-05
4.024114579169633e+02    MQB1R10 -1.451090511633828e-06 -7.956353800221562e-07 -5.760473477034980e-04 9.573567319753874e-06
4.026022119169633e+02       D205 -1.602861142914551e-06 -7.956353800221562e-07 -5.742211514429861e-04 9.573567319753874e-06
4.026022119169633e+02   MBT1R10H -1.602861142914551e-06 -7.956353800221562e-07 -5.742211514429861e-04 9.573567319753874e-06
4.027980459169632e+02       D206 -1.758673601925802e-06 -7.956353800221562e-07 -5.723463214604895e-04 9.573567319753874e-06
4.027980459169632e+02   MBT1R10V -1.758673601925802e-06 -7.956353800221562e-07 -5.723463214604895e-04 9.573567319753874e-06
4.032753415269634e+02       D207 -2.138426875971132e-06 -7.956353800221562e-07 -5.677768998067306e-04 9.573567319753874e-06
4.042835950515633e+02    MXJ1R04 -2.856669459983439e-06 -5.848327590909220e-07 -5.530135166284583e-04 2.007019432131401e-05
4.076456183515634e+02       D208 -4.822890822650426e-06 -5.848327590909220e-07 -4.855370556846724e-04 2.007019432131401e-05
4.076456183515634e+02   IPM1R10A -4.822890822650426e-06 -5.848327590909220e-07 -4.855370556846724e-04 2.007019432131401e-05
4.081065387215634e+02       D209 -5.092452154358739e-06 -5.848327590909220e-07 -4.762862942921202e-04 2.007019432131401e-05
4.091298578066634e+02    MXQ1R06 -5.141728679994349e-06 -5.932471654058869e-08 -4.822559566379152e-04 1.953470577554919e-05
