0.000000000000000e+00      _BEG_ 7.038843791683235e-22 1.507718646112655e-22 1.355252715606881e-22 7.115076756936123e-23
1.023319085100000e+00    MXQ1S01 -1.450284537744347e-11 -1.279840077188273e-11 1.253290243415192e-07 3.854406559280965e-07
4.385342385099980e+00         D0 -5.753136697537998e-11 -1.279840077188273e-11 1.421189490339055e-06 3.854406559280965e-07
4.385342385099980e+00    IPM1S00 -5.753136697537998e-11 -1.279840077188273e-11 1.421189490339055e-06 3.854406559280965e-07
4.846262755100013e+00         D1 -6.343041059450371e-11 -1.279840077188273e-11 1.598846940082488e-06 3.854406559280965e-07
5.854516279700013e+00    MXJ1S03 -5.984801200540484e-11 2.164373949497078e-11 1.832951825156496e-06 -5.105170410438210e-08
6.419949889699970e+00         D2 -4.760991424890184e-11 2.164373949497078e-11 1.804085475808106e-06 -5.105170410438210e-08
6.419949889699970e+00    IPM1S01 -4.760991424890184e-11 2.164373949497078e-11 1.804085475808106e-06 -5.105170410438210e-08
6.718399889700007e+00         D3 -4.115034019651798e-11 2.164373949497078e-11 1.788849094718152e-06 -5.105170410438210e-08
6.868399889700007e+00    MQB1S01 -3.833870040966696e-11 1.591318229121913e-11 1.761256351752014e-06 -3.161717476419354e-07
7.059153889699977e+00         D4 -3.530319723498045e-11 1.591318229121913e-11 1.700945326202333e-06 -3.161717476419354e-07
7.059153889699977e+00   MBT1S01H -3.530319723498045e-11 1.591318229121913e-11 1.700945326202333e-06 -3.161717476419354e-07
7.254987889699968e+00         D5 -3.218685509414406e-11 1.591318229121913e-11 1.639028148174626e-06 -3.161717476419354e-07
7.254987889699968e+00   MBT1S01V -3.218685509414406e-11 1.591318229121913e-11 1.639028148174626e-06 2.087109652614168e-06
7.748509889700009e+00         D6 -2.433334954330692e-11 1.591318229121913e-11 2.669062678152161e-06 2.087109652614168e-06
7.748509889700009e+00    ITV1S01 -2.433334954330692e-11 1.591318229121913e-11 2.669062678152161e-06 2.087109652614168e-06
1.262364978969998e+01         D7 5.324564038061610e-11 1.591318229121913e-11 1.284401422128657e-05 2.087109652614168e-06
1.262364978969998e+01    IPM1S02 5.324564038061610e-11 1.591318229121913e-11 1.284401422128657e-05 2.087109652614168e-06
1.292209978970001e+01         D8 5.799492963548037e-11 1.591318229121913e-11 1.346691209710935e-05 2.087109652614168e-06
1.307209978970002e+01    MQL1S02 5.901682210464332e-11 -2.340147640290003e-12 1.410313208018788e-05 6.429865803904479e-06
1.326285378969999e+01         D9 5.857042958154567e-11 -2.340147640290003e-12 1.532965470174568e-05 6.429865803904479e-06
1.326285378969999e+01   MBT1S02H 5.857042958154567e-11 -2.340147640290003e-12 1.532965470174568e-05 6.429865803904479e-06
1.345868778969998e+01        D10 5.811214910860852e-11 -2.340147640290003e-12 1.658884104158746e-05 6.429865803904479e-06
1.345868778969998e+01   MBT1S02V 5.811214910860852e-11 -2.340147640290003e-12 1.658884104158746e-05 2.835423370763732e-05
1.442995085970000e+01        D11 5.583925012745414e-11 -2.340147640290003e-12 4.412826111996533e-05 2.835423370763732e-05
1.442995085970000e+01    IPM1S03 5.583925012745414e-11 -2.340147640290003e-12 4.412826111996533e-05 2.835423370763732e-05
1.465340085969996e+01        D12 5.531634413725843e-11 -2.340147640290003e-12 5.046401464193598e-05 2.835423370763732e-05
1.495340085969996e+01    MQN1S03 5.922034136142916e-11 2.874368158046637e-11 5.454845865029164e-05 -1.487646659231682e-06
1.554713232970007e+01        D13 7.628636967969610e-11 2.874368158046637e-11 5.366519601246526e-05 -1.487646659231682e-06
1.656048286930007e+01    MXI1S05 1.050647835452003e-10 2.087325651686338e-11 5.177275173264813e-05 -2.173260716781793e-06
1.693822970930008e+01        D14 1.129495902348423e-10 2.087325651686338e-11 5.095180936438764e-05 -2.173260716781793e-06
1.795158024890008e+01    MXI1S06 1.210229689472815e-10 2.787701140269780e-13 4.819466494167390e-05 -3.489718265545509e-06
1.860505024890006e+01        D15 1.212051368537192e-10 2.787701140269780e-13 4.591423874668793e-05 -3.489718265545509e-06
1.890505024890006e+01    MQN1S04 1.275802819868165e-10 4.259911357535717e-11 4.261359080035908e-05 -1.833710302051586e-05
1.979975024890006e+01        D16 1.656937089026546e-10 4.259911357535717e-11 2.620738472790354e-05 -1.833710302051586e-05
1.979975024890006e+01    ITV1S04 1.656937089026546e-10 4.259911357535717e-11 2.620738472790354e-05 -1.833710302051586e-05
2.038040024890011e+01        D17 1.904288842001370e-10 4.259911357535717e-11 1.555994585904013e-05 -1.833710302051586e-05
2.038040024890011e+01    IPM1S05 1.904288842001370e-10 4.259911357535717e-11 1.555994585904013e-05 -1.833710302051586e-05
2.068005024890008e+01        D18 2.031937085831344e-10 4.259911357535717e-11 1.006523293894323e-05 -1.833710302051586e-05
2.083005024890008e+01    MQL1S05 2.033913738193100e-10 -3.997619026018890e-11 7.585283584107360e-06 -1.489410230192342e-05
2.109880024890009e+01        D19 1.926477726866605e-10 -3.997619026018890e-11 3.582493590465276e-06 -1.489410230192342e-05
2.109880024890009e+01   MBT1S05H 1.926477726866605e-10 -3.997619026018890e-11 3.582493590465276e-06 -1.489410230192342e-05
2.129489024890011e+01        D20 1.848088415382586e-10 -3.997619026018890e-11 6.619090700807108e-07 -1.489410230192342e-05
2.129489024890011e+01   MBT1S05V 1.848088415382586e-10 -3.997619026018890e-11 6.619090700807108e-07 -1.489410230192342e-05
2.268005024890007e+01        D21 1.294354218378253e-10 -3.997619026018890e-11 -1.996880567445094e-05 -1.489410230192342e-05
2.283005024890007e+01    MQB1S06 1.260621702657127e-10 -5.155835424677286e-12 -2.179222594024020e-05 -9.338580697831779e-06
2.638040024890011e+01        D22 1.077571499658974e-10 -5.155835424677286e-12 -5.494745592078764e-05 -9.338580697831779e-06
2.638040024890011e+01    IPM1S07 1.077571499658974e-10 -5.155835424677286e-12 -5.494745592078764e-05 -9.338580697831779e-06
2.668005024889996e+01        D23 1.062122038807036e-10 -5.155835424677286e-12 -5.774576162689152e-05 -9.338580697831779e-06
2.683005024889996e+01    MQL1S07 1.060955574248357e-10 3.598958456289116e-12 -5.879768105294895e-05 -4.673042208376931e-06
2.729429024889998e+01        D24 1.077663378987149e-10 3.598958456289116e-12 -6.096709416776594e-05 -4.673042208376931e-06
2.729429024889998e+01   MBT1S07V 1.077663378987149e-10 3.598958456289116e-12 -6.096709416776594e-05 -4.673042208376931e-06
3.185811274890011e+01        D25 1.241913454781728e-10 3.598958456289116e-12 -8.229402934180687e-05 -4.673042208376931e-06
3.185811274890011e+01   MAZ1S08H 1.241913454781728e-10 3.598958456289116e-12 -8.229402934180687e-05 -4.673042208376931e-06
3.238040024890012e+01        D26 1.260710364926385e-10 3.598958456289116e-12 -8.473470087421456e-05 -4.673042208376931e-06
3.238040024890012e+01    IPM1S08 1.260710364926385e-10 3.598958456289116e-12 -8.473470087421456e-05 -4.673042208376931e-06
3.268005024889997e+01        D27 1.271494643942243e-10 3.598958456289116e-12 -8.613497797195399e-05 -4.673042208376931e-06
3.283005024889997e+01    MQL1S08 1.266832692770731e-10 -9.806811454149135e-12 -8.749833914438770e-05 -1.352842880325785e-05
3.309880024889998e+01        D28 1.240476886989108e-10 -9.806811454149135e-12 -9.113410438526340e-05 -1.352842880325785e-05
3.309880024889998e+01   MBT1S08H 1.240476886989108e-10 -9.806811454149135e-12 -9.113410438526340e-05 -1.352842880325785e-05
3.329489024890012e+01        D29 1.221246710409298e-10 -9.806811454149135e-12 -9.378689398929611e-05 -1.352842880325785e-05
3.329489024890012e+01   MBT1S08V 1.221246710409298e-10 -9.806811454149135e-12 -9.378689398929611e-05 -1.352842880325785e-05
3.795919204889998e+01        D30 7.638274272270555e-11 -9.806811454149135e-12 -1.568875688075016e-04 -1.352842880325785e-05
3.795919204889998e+01   MAZ1S09V 7.638274272270555e-11 -9.806811454149135e-12 -1.568875688075016e-04 -1.352842880325785e-05
3.838040024890012e+01        D31 7.225203332240286e-11 -9.806811454149135e-12 -1.625858539525519e-04 -1.352842880325785e-05
3.838040024890012e+01    IPM1S09 7.225203332240286e-11 -9.806811454149135e-12 -1.625858539525519e-04 -1.352842880325785e-05
3.868005024889997e+01        D32 6.931342226973436e-11 -9.806811454149135e-12 -1.666396476434461e-04 -1.352842880325785e-05
3.883005024889997e+01    MQL1S09 6.831915269798973e-11 -3.465360248966456e-12 -1.675521053532115e-04 1.375817891003718e-06
3.929429024889998e+01        D33 6.671039385591879e-11 -3.465360248966456e-12 -1.669133956554919e-04 1.375817891003718e-06
3.929429024889998e+01   MBT1S09V 6.671039385591879e-11 -3.465360248966456e-12 -1.669133956554919e-04 1.375817891003718e-06
4.438040024890012e+01        D34 4.908519043973032e-11 -3.465360248966456e-12 -1.599158345218788e-04 1.375817891003718e-06
4.438040024890012e+01    IPM1S10 4.908519043973032e-11 -3.465360248966456e-12 -1.599158345218788e-04 1.375817891003718e-06
4.468005024889997e+01        D35 4.804679524114078e-11 -3.465360248966456e-12 -1.595035706908398e-04 1.375817891003718e-06
4.483005024889997e+01    MQB1S10 4.729541796380846e-11 -6.545042990952716e-12 -1.600392153225656e-04 -8.523298445083196e-06
4.509880024889998e+01        D36 4.553643766000274e-11 -6.545042990952716e-12 -1.623298517796818e-04 -8.523298445083196e-06
4.509880024889998e+01   MBT1S10H 4.553643766000274e-11 -6.545042990952716e-12 -1.623298517796818e-04 -8.523298445083196e-06
4.529489024890012e+01        D37 4.425302018022827e-11 -6.545042990952716e-12 -1.640011853717794e-04 -8.523298445083196e-06
4.529489024890012e+01   MBT1S10V 4.425302018022827e-11 -6.545042990952716e-12 -1.640011853717794e-04 -8.523298445083196e-06
6.016205624890011e+01        D38 -5.305322044374584e-11 -6.545042990952716e-12 -2.907184782223731e-04 -8.523298445083196e-06
6.016205624890011e+01   MAZ1E01H -5.305322044374584e-11 -6.545042990952716e-12 -2.907184782223731e-04 -8.523298445083196e-06
6.045415624890012e+01        D39 -5.496502750121797e-11 -6.545042990952716e-12 -2.932081336981820e-04 -8.523298445083196e-06
6.045415624890012e+01   MAZ1E01V -5.496502750121797e-11 -6.545042990952716e-12 -2.932081336981820e-04 -8.523298445083196e-06
6.093046624890007e+01        D40 -5.808249692802915e-11 -6.545042990952716e-12 -2.972678659805592e-04 -8.523298445083196e-06
6.093046624890007e+01    IPM1E01 -5.808249692802915e-11 -6.545042990952716e-12 -2.972678659805592e-04 -8.523298445083196e-06
6.123005424890008e+01        D41 -6.004331326779047e-11 -6.545042990952716e-12 -2.998213439151248e-04 -8.523298445083196e-06
6.138005424890008e+01    MQB1E01 -6.134910267048944e-11 -1.088118933765065e-11 -2.995245704150188e-04 1.247682690135249e-05
6.164880424890009e+01        D42 -6.427342230510625e-11 -1.088118933765065e-11 -2.961714231852802e-04 1.247682690135249e-05
6.164880424890009e+01   MBT1E01H -6.427342230510625e-11 -1.088118933765065e-11 -2.961714231852802e-04 1.247682690135249e-05
6.184489424890012e+01        D43 -6.640711472208382e-11 -1.088118933765065e-11 -2.937248421981936e-04 1.247682690135249e-05
6.184489424890012e+01   MBT1E01V -6.640711472208382e-11 -1.088118933765065e-11 -2.937248421981936e-04 1.247682690135249e-05
6.220869424890020e+01        D44 -7.036569140332443e-11 -1.088118933765065e-11 -2.891857725714805e-04 1.247682690135249e-05
6.220869424890020e+01    IHA1E01 -7.036569140332443e-11 -1.088118933765065e-11 -2.891857725714805e-04 1.247682690135249e-05
6.283065424890021e+01        D45 -7.713335592361367e-11 -1.088118933765065e-11 -2.814256853119153e-04 1.247682690135249e-05
6.333072272611611e+01    MBW1E01 4.952132748190169e-11 7.255008543393435e-10 -2.751922899709563e-04 1.290586095484865e-05
6.908308572611598e+01        D46 4.222865598451790e-09 7.255008543393435e-10 -2.009530929311419e-04 1.290586095484865e-05
7.008322268054798e+01    MBX1E02 3.943401571687957e-09 -2.145329715861981e-09 -1.877277546035827e-04 1.352028763573155e-05
7.583558568054798e+01        D47 -8.397313708636862e-09 -2.145329715861981e-09 -1.099541522584429e-04 1.352028763573155e-05
7.633565415776388e+01    MBW1E03 -9.346438394367278e-09 -1.316499630968836e-09 -1.031050131920140e-04 1.369210033735681e-05
7.748540525776389e+01        D48 -1.086008529322324e-08 -1.316499630968836e-09 -8.736250576782765e-05 1.369210033735681e-05
7.748540525776389e+01    IPM1E02 -1.086008529322324e-08 -1.316499630968836e-09 -8.736250576782765e-05 1.369210033735681e-05
7.778505525776390e+01        D49 -1.125457440764285e-08 -1.316499630968836e-09 -8.325966790173842e-05 1.369210033735681e-05
7.793505525776391e+01    MQB1E02 -1.139712528558043e-08 -5.826459694198830e-10 -8.160692825755343e-05 8.362308358265970e-06
7.820380525776392e+01        D50 -1.155371138986111e-08 -5.826459694198830e-10 -7.935955788626936e-05 8.362308358265970e-06
7.820380525776392e+01   MBT1E02H -1.155371138986111e-08 -5.826459694198830e-10 -7.935955788626936e-05 8.362308358265970e-06
7.839989525776400e+01        D51 -1.166796243800544e-08 -5.826459694198830e-10 -7.771979284029628e-05 8.362308358265970e-06
7.839989525776400e+01   MBT1E02V -1.166796243800544e-08 -5.826459694198830e-10 -7.771979284029628e-05 8.362308358265970e-06
9.403540125776399e+01        D52 -2.077792698874600e-08 -5.826459694198830e-10 5.302912966922142e-05 8.362308358265970e-06
9.403540125776399e+01    IPM1E03 -2.077792698874600e-08 -5.826459694198830e-10 5.302912966922142e-05 8.362308358265970e-06
9.433505125776384e+01        D53 -2.095251685348243e-08 -5.826459694198830e-10 5.553489536877455e-05 8.362308358265970e-06
9.448505125776384e+01    MQB1E03 -2.113790107986885e-08 -1.891071613886546e-09 5.652838922243740e-05 4.874006546153495e-06
9.475380125776385e+01        D54 -2.164612657610078e-08 -1.891071613886546e-09 5.783827848171620e-05 4.874006546153495e-06
9.475380125776385e+01   MBT1E03H -2.164612657610078e-08 -1.891071613886546e-09 5.783827848171620e-05 4.874006546153495e-06
9.494989125776394e+01        D55 -2.201694680886829e-08 -1.891071613886546e-09 5.879402242535184e-05 4.874006546153495e-06
9.494989125776394e+01   MBT1E03V -2.201694680886829e-08 -1.891071613886546e-09 5.879402242535184e-05 4.874006546153495e-06
9.565144125776399e+01        D56 -2.334362809959032e-08 -1.891071613886546e-09 6.221338171780610e-05 4.874006546153495e-06
9.565144125776399e+01    IHA1E03 -2.334362809959032e-08 -1.891071613886546e-09 6.221338171780610e-05 4.874006546153495e-06
1.105854012577640e+02        D57 -5.158481593850730e-08 -1.891071613886546e-09 1.350016005178005e-04 4.874006546153495e-06
1.105854012577640e+02    IPM1A01 -5.158481593850730e-08 -1.891071613886546e-09 1.350016005178005e-04 4.874006546153495e-06
1.108850512577639e+02        D58 -5.215147554760773e-08 -1.891071613886546e-09 1.364620965793550e-04 4.874006546153495e-06
1.110350512577639e+02    MQB1A01 -5.204889235633483e-08 3.257167923247128e-09 1.382061755239050e-04 1.840920055820455e-05
1.113038012577640e+02        D59 -5.117352847696218e-08 3.257167923247128e-09 1.431536481739247e-04 1.840920055820455e-05
1.113038012577640e+02   MBT1A01H -5.117352847696218e-08 3.257167923247128e-09 1.431536481739247e-04 1.840920055820455e-05
1.114998912577640e+02        D60 -5.053483041889299e-08 3.257167923247128e-09 1.467635083113825e-04 1.840920055820455e-05
1.114998912577640e+02   MBT1A01V -5.053483041889299e-08 3.257167923247128e-09 1.467635083113825e-04 1.840920055820455e-05
1.120053512577640e+02        D61 -4.888846232040833e-08 3.257167923247128e-09 1.560686228255331e-04 1.840920055820455e-05
1.120053512577640e+02    ITV1A01 -4.888846232040833e-08 3.257167923247128e-09 1.560686228255331e-04 1.840920055820455e-05
1.137199712577640e+02        D62 -4.330365705585061e-08 3.257167923247128e-09 1.876334062866418e-04 1.840920055820455e-05
1.138699712577640e+02    MQB1A02 -4.268044927847881e-08 5.047953391522767e-09 1.909837509204532e-04 2.628535178232888e-05
1.165523912577640e+02        D63 -2.913971814199026e-08 5.047953391522767e-09 2.614921042484076e-04 2.628535178232888e-05
1.175539994477640e+02    MJD1A01 -5.352579027429228e-08 -8.192640570444682e-08 2.842528507394063e-04 1.877305561139152e-05
1.211438414477640e+02        D64 -3.476286423811535e-07 -8.192640570444682e-08 3.516451542415149e-04 1.877305561139152e-05
1.211438414477640e+02    SBC1A02 -3.476286423811535e-07 -8.192640570444682e-08 3.516451542415149e-04 1.877305561139152e-05
1.217358414477640e+02        D65 -3.961290745581893e-07 -8.192640570444682e-08 3.627588031634594e-04 1.877305561139152e-05
1.217358414477640e+02    SSS1A02 -3.961290745581893e-07 -8.192640570444682e-08 3.627588031634594e-04 1.877305561139152e-05
1.227691914477640e+02        D66 -4.807877258928774e-07 -8.192640570444682e-08 3.821579401794905e-04 1.877305561139152e-05
1.227691914477640e+02    IPM1A03 -4.807877258928774e-07 -8.192640570444682e-08 3.821579401794905e-04 1.877305561139152e-05
1.230688414477639e+02        D67 -5.053369733622068e-07 -8.192640570444682e-08 3.877832862934422e-04 1.877305561139152e-05
1.232188414477639e+02    MQB1A03 -5.241688886237256e-07 -1.697067559202024e-07 3.857408136925025e-04 -4.594962559463098e-05
1.236830814477639e+02        D68 -6.029535529921140e-07 -1.697067559202024e-07 3.644091595064528e-04 -4.594962559463098e-05
1.236830814477639e+02   MBT1A03V -6.029535529921140e-07 -1.697067559202024e-07 3.644091595064528e-04 -4.594962559463098e-05
1.264260014477640e+02        D69 -1.068445607940779e-06 -1.697067559202024e-07 2.383730124704211e-04 -4.594962559463098e-05
1.264260014477640e+02    IPM1A04 -1.068445607940779e-06 -1.697067559202024e-07 2.383730124704211e-04 -4.594962559463098e-05
1.267256514477639e+02        D70 -1.119298237352251e-06 -1.697067559202024e-07 2.246042071609943e-04 -4.594962559463098e-05
1.268756514477639e+02    MQL1A04 -1.116424536311916e-06 2.078650012255419e-07 2.232144785241176e-04 2.734254040643183e-05
1.271444014477639e+02        D71 -1.060560817232561e-06 2.078650012255419e-07 2.305627862583449e-04 2.734254040643183e-05
1.271444014477639e+02   MBT1A04H -1.060560817232561e-06 2.078650012255419e-07 2.305627862583449e-04 2.734254040643183e-05
1.278459514477639e+02        D72 -9.147331256227828e-07 2.078650012255419e-07 2.497449454804771e-04 2.734254040643183e-05
1.278459514477639e+02    ITV1A04 -9.147331256227828e-07 2.078650012255419e-07 2.497449454804771e-04 2.734254040643183e-05
1.300828204477639e+02        D73 -4.497663481964037e-07 2.078650012255419e-07 3.109066264968722e-04 2.734254040643183e-05
1.300828204477639e+02    IPM1A05 -4.497663481964037e-07 2.078650012255419e-07 3.109066264968722e-04 2.734254040643183e-05
1.303824704477639e+02        D74 -3.874796005791659e-07 2.078650012255419e-07 3.190998187296600e-04 2.734254040643183e-05
1.305324704477639e+02    MQB1A05 -3.601050443999266e-07 1.577439185328279e-07 3.200578101570523e-04 -1.459010696111044e-05
1.309967104477639e+02        D75 -2.868740076602440e-07 1.577439185328279e-07 3.132844989014261e-04 -1.459010696111044e-05
1.309967104477639e+02   MBT1A05V -2.868740076602440e-07 1.577439185328279e-07 3.132844989014261e-04 -1.459010696111044e-05
1.360473102477639e+02        D76 5.098273957328730e-07 1.577439185328279e-07 2.395957076016632e-04 -1.459010696111044e-05
1.370489184377639e+02    MJD1A02 6.350437262003288e-07 6.486866045625651e-08 2.216484678632151e-04 -2.093922701893622e-05
1.422641104377639e+02        D77 9.733462452625146e-07 6.486866045625651e-08 1.124463786278751e-04 -2.093922701893622e-05
1.422641104377639e+02    IPM1A06 9.733462452625146e-07 6.486866045625651e-08 1.124463786278751e-04 -2.093922701893622e-05
1.425637604377639e+02        D78 9.927841393682294e-07 6.486866045625651e-08 1.061719392516516e-04 -2.093922701893622e-05
1.427137604377639e+02    MQB1A06 1.018275788716815e-06 2.759234775507653e-07 1.014079994532088e-04 -4.241767951333556e-05
1.429825104377639e+02        D79 1.092430223308586e-06 2.759234775507653e-07 9.000824808399934e-05 -4.241767951333556e-05
1.429825104377639e+02   MBT1A06H 1.092430223308586e-06 2.759234775507653e-07 9.000824808399934e-05 -4.241767951333556e-05
1.482286114377639e+02        D80 2.539952654811139e-06 2.759234775507653e-07 -1.325191828285907e-04 -4.241767951333556e-05
1.492302196277639e+02    MJD1A03 2.778231288847821e-06 1.634103841873014e-07 -1.732467108094538e-04 -3.820874218578334e-05
1.544454116277639e+02        D81 3.630447817178365e-06 1.634103841873014e-07 -3.725126373868135e-04 -3.820874218578334e-05
1.544454116277639e+02    IPM1A07 3.630447817178365e-06 1.634103841873014e-07 -3.725126373868135e-04 -3.820874218578334e-05
1.547450616277639e+02        D82 3.679413738800084e-06 1.634103841873014e-07 -3.839618869827822e-04 -3.820874218578334e-05
1.548950616277639e+02    MQB1A07 3.743283325694484e-06 6.897056342043694e-07 -3.856654016840526e-04 1.553453431460616e-05
1.553593016277639e+02        D83 4.063472269317535e-06 6.897056342043694e-07 -3.784536494738396e-04 1.553453431460616e-05
1.553593016277639e+02   MBT1A07V 4.063472269317535e-06 6.897056342043694e-07 -3.784536494738396e-04 1.553453431460616e-05
1.581022196277639e+02        D84 5.955278268078093e-06 6.897056342043694e-07 -3.358436956806891e-04 1.553453431460616e-05
1.581022196277639e+02    IPM1A08 5.955278268078093e-06 6.897056342043694e-07 -3.358436956806891e-04 1.553453431460616e-05
1.584018696277638e+02        D85 6.161948561367371e-06 6.897056342043694e-07 -3.311887724733189e-04 1.553453431460616e-05
1.585518696277638e+02    MQB1A08 6.149468483768765e-06 -8.555922922816393e-07 -3.349646546117587e-04 -6.603609260676736e-05
1.588206196277638e+02        D86 5.919528055218071e-06 -8.555922922816393e-07 -3.527118544998281e-04 -6.603609260676736e-05
1.588206196277638e+02   MBT1A08H 5.919528055218071e-06 -8.555922922816393e-07 -3.527118544998281e-04 -6.603609260676736e-05
1.617590383277638e+02        D87 3.405439664001782e-06 -8.555922922816393e-07 -5.467535438904890e-04 -6.603609260676736e-05
1.617590383277638e+02    IPM1A09 3.405439664001782e-06 -8.555922922816393e-07 -5.467535438904890e-04 -6.603609260676736e-05
1.620586883277637e+02        D88 3.149061433619668e-06 -8.555922922816393e-07 -5.665412590401006e-04 -6.603609260676736e-05
1.622086883277638e+02    MQB1A09 3.048709814554209e-06 -4.844454772028418e-07 -5.714236170323638e-04 1.033227197275820e-06
1.626729283277638e+02        D89 2.823810846217553e-06 -4.844454772028418e-07 -5.709439516383006e-04 1.033227197275820e-06
1.626729283277638e+02   MBT1A09V 2.823810846217553e-06 -4.844454772028418e-07 -5.709439516383006e-04 1.033227197275820e-06
1.677235443277638e+02        D90 3.770627679292151e-07 -4.844454772028418e-07 -5.657255178241041e-04 1.033227197275820e-06
1.687251525177638e+02    MJD1A04 -1.350782567620740e-07 -5.676961596392696e-07 -5.568758454867470e-04 1.648607631906200e-05
1.711079245177638e+02        D91 -1.487768770458016e-06 -5.676961596392696e-07 -5.175932844438242e-04 1.648607631906200e-05
1.711079245177638e+02    IPM1A10 -1.487768770458016e-06 -5.676961596392696e-07 -5.175932844438242e-04 1.648607631906200e-05
1.739403445177638e+02        D92 -3.095722726943515e-06 -5.676961596392696e-07 -4.708977921561854e-04 1.648607631906200e-05
1.739403445177638e+02    IPM1A11 -3.095722726943515e-06 -5.676961596392696e-07 -4.708977921561854e-04 1.648607631906200e-05
1.742399945177638e+02        D93 -3.265832881179436e-06 -5.676961596392696e-07 -4.659577393871781e-04 1.648607631906200e-05
1.743899945177639e+02    MQB1A11 -3.303989570113201e-06 6.014459504971138e-08 -4.700327008415474e-04 -7.094724314126929e-05
1.746587445177638e+02        D94 -3.287825710193591e-06 6.014459504971138e-08 -4.890997724357603e-04 -7.094724314126929e-05
1.746587445177638e+02   MBT1A11H -3.287825710193591e-06 6.014459504971138e-08 -4.890997724357603e-04 -7.094724314126929e-05
1.799048405177637e+02        D95 -2.972301390681686e-06 6.014459504971138e-08 -8.612958208901950e-04 -7.094724314126929e-05
1.809064487077637e+02    MJD1A05 -2.925167740997031e-06 3.576193408534798e-09 -9.205822117920013e-04 -4.641929890091488e-05
1.861216407077637e+02        D96 -2.906517205742390e-06 3.576193408534798e-09 -1.162667768065661e-03 -4.641929890091488e-05
1.861216407077637e+02    IPM1A13 -2.906517205742390e-06 3.576193408534798e-09 -1.162667768065661e-03 -4.641929890091488e-05
1.864212907077637e+02        D97 -2.905445599387525e-06 3.576193408534798e-09 -1.176577310981321e-03 -4.641929890091488e-05
1.865712907077638e+02    MQB1A13 -2.935662296425283e-06 -4.071830582074037e-07 -1.171369607249451e-03 1.157364532760982e-04
1.870355307077638e+02        D98 -3.124692959367492e-06 -4.071830582074037e-07 -1.117640116180553e-03 1.157364532760982e-04
1.870355307077638e+02   MBT1A13V -3.124692959367492e-06 -4.071830582074037e-07 -1.117640116180553e-03 1.157364532760982e-04
1.897784507077638e+02        D99 -4.241563513385755e-06 -4.071830582074037e-07 -8.001842837604740e-04 1.157364532760982e-04
1.897784507077638e+02    IPM1A14 -4.241563513385755e-06 -4.071830582074037e-07 -8.001842837604740e-04 1.157364532760982e-04
1.900781007077638e+02       D100 -4.363575916777612e-06 -4.071830582074037e-07 -7.655038555362889e-04 1.157364532760982e-04
1.902281007077638e+02    MQB1A14 -4.352636023438673e-06 5.526560524506285e-07 -7.604161414269191e-04 -4.771619460897039e-05
1.904968507077638e+02       D101 -4.204109709342591e-06 5.526560524506285e-07 -7.732398687280778e-04 -4.771619460897039e-05
1.904968507077638e+02   MBT1A14H -4.204109709342591e-06 5.526560524506285e-07 -7.732398687280778e-04 -4.771619460897039e-05
1.937348987077638e+02       D102 -2.414582884016925e-06 5.526560524506285e-07 -9.277471972492664e-04 -4.771619460897039e-05
1.938848987077638e+02    MQB1A15 -2.354944462471732e-06 2.438145848697889e-07 -9.260820724509306e-04 6.988291621164601e-05
1.943491387077638e+02       D103 -2.241755979591778e-06 2.438145848697889e-07 -8.936396274288348e-04 6.988291621164601e-05
1.943491387077638e+02   MBT1A15V -2.241755979591778e-06 2.438145848697889e-07 -8.936396274288348e-04 6.988291621164601e-05
1.993997487077638e+02       D104 -1.010343599102583e-06 2.438145848697889e-07 -5.406882719811362e-04 6.988291621164601e-05
2.004013568977638e+02    MJD1A06 -7.939167324956979e-07 1.682313724400508e-07 -4.631073865626665e-04 8.370038113382693e-05
2.056165488977638e+02       D105 8.344217520267573e-08 1.682313724400508e-07 -2.659382847658138e-05 8.370038113382693e-05
2.056165488977638e+02    IPM1A16 8.344217520267573e-08 1.682313724400508e-07 -2.659382847658138e-05 8.370038113382693e-05
2.059161988977638e+02       D106 1.338527059543408e-07 1.682313724400508e-07 -1.513009269828462e-06 8.370038113382693e-05
2.060661988977638e+02    MQB1A16 1.582914994870116e-07 1.572698651861271e-07 1.105892286597356e-05 8.410307092204377e-05
2.065304388977638e+02       D107 2.313024617010220e-07 1.572698651861271e-07 5.010293251082468e-05 8.410307092204377e-05
2.065304388977638e+02   MBT1A16H 2.313024617010220e-07 1.572698651861271e-07 5.010293251082468e-05 8.410307092204377e-05
2.115810488977638e+02       D108 1.025611215508720e-06 1.572698651861271e-07 4.748747435404048e-04 8.410307092204377e-05
2.125826570877638e+02    MJD1A07 1.148408910848076e-06 5.942487279174247e-08 5.526971306562422e-04 6.995831463666925e-05
2.180975090877638e+02       D109 1.476128289413365e-06 5.942487279174247e-08 9.385068820469070e-04 6.995831463666925e-05
2.182475090877638e+02    MQB1A17 1.503225553655182e-06 3.026211690633763e-07 9.376096838009251e-04 -8.189698502876869e-05
2.187117490877638e+02       D110 1.643714405181171e-06 3.026211690633763e-07 8.995898274711681e-04 -8.189698502876869e-05
2.187117490877638e+02   MBT1A17V 1.643714405181171e-06 3.026211690633763e-07 8.995898274711681e-04 -8.189698502876869e-05
2.214546790877638e+02       D111 2.473783088440178e-06 3.026211690633763e-07 6.749521303262075e-04 -8.189698502876869e-05
2.214546790877638e+02    IPM1A18 2.473783088440178e-06 3.026211690633763e-07 6.749521303262075e-04 -8.189698502876869e-05
2.217543290877638e+02       D112 2.564463521750023e-06 3.026211690633763e-07 6.504116987623354e-04 -8.189698502876869e-05
2.219043290877638e+02    MQB1A18 2.570825489695684e-06 -2.180106304155197e-07 6.478190615450272e-04 4.724146602791975e-05
2.221730790877638e+02       D113 2.512235132771519e-06 -2.180106304155197e-07 6.605152055400287e-04 4.724146602791975e-05
2.221730790877638e+02   MBT1A18H 2.512235132771519e-06 -2.180106304155197e-07 6.605152055400287e-04 4.724146602791975e-05
2.251114839877638e+02       D114 1.871631628106464e-06 -2.180106304155197e-07 7.993297607996524e-04 4.724146602791975e-05
2.251114839877638e+02    IPM1A19 1.871631628106464e-06 -2.180106304155197e-07 7.993297607996524e-04 4.724146602791975e-05
2.254111339877638e+02       D115 1.806304742702448e-06 -2.180106304155197e-07 8.134856660949195e-04 4.724146602791975e-05
2.255611339877638e+02    MQB1A19 1.785944588681355e-06 -5.376780813228466e-08 8.150623152342646e-04 -2.624306314436237e-05
2.260253739877638e+02       D116 1.760983421434021e-06 -5.376780813228466e-08 8.028792356001253e-04 -2.624306314436237e-05
2.260253739877638e+02   MBT1A19V 1.760983421434021e-06 -5.376780813228466e-08 8.028792356001253e-04 -2.624306314436237e-05
2.310759737877638e+02       D117 1.489423740434669e-06 -5.376780813228466e-08 6.703360261318228e-04 -2.624306314436237e-05
2.320775819777638e+02    MJD1A08 1.399725206734399e-06 -1.531861522928696e-07 6.347485584951082e-04 -4.420784081690863e-05
2.372927639777638e+02       D118 6.008315426473609e-07 -1.531861522928696e-07 4.041966228078998e-04 -4.420784081690863e-05
2.372927639777638e+02    IPM1A21 6.008315426473609e-07 -1.531861522928696e-07 4.041966228078998e-04 -4.420784081690863e-05
2.375924139777638e+02       D119 5.549293121127988e-07 -1.531861522928696e-07 3.909497433071122e-04 -4.420784081690863e-05
2.377424139777638e+02    MQB1A21 5.281601923611074e-07 -2.033301268605291e-07 3.869404253872257e-04 -9.310015884012866e-06
2.380111639777638e+02       D120 4.735152207673500e-07 -2.033301268605291e-07 3.844383586183976e-04 -9.310015884012866e-06
2.380111639777638e+02   MBT1A21H 4.735152207673500e-07 -2.033301268605291e-07 3.844383586183976e-04 -9.310015884012866e-06
2.387127139777638e+02       D121 3.308689702683473e-07 -2.033301268605291e-07 3.779069169749685e-04 -9.310015884012866e-06
2.387127139777638e+02    ITV1A21 3.308689702683473e-07 -2.033301268605291e-07 3.779069169749685e-04 -9.310015884012866e-06
2.388489979777638e+02       D122 3.031583272592782e-07 -2.033301268605291e-07 3.766381107702313e-04 -9.310015884012866e-06
2.388489979777638e+02    IHA1A21 3.031583272592782e-07 -2.033301268605291e-07 3.766381107702313e-04 -9.310015884012866e-06
2.442588329732222e+02       D123 -7.968241086618027e-07 -2.033301268605291e-07 3.262724610326251e-04 -9.310015884012866e-06
2.442588329732222e+02    ISR1A21 -7.968241086618027e-07 -2.033301268605291e-07 3.262724610326251e-04 -9.310015884012866e-06
2.432572347832221e+02       D124 -5.931690216258207e-07 -2.033301268605291e-07 3.355973560909239e-04 -9.310015884012866e-06
2.442588429732222e+02    MJD1A09 -8.208265831103100e-07 -2.803871000183327e-07 3.216217935800043e-04 -1.835678434405992e-05
2.494740741677638e+02       D125 -2.283110133672980e-06 -2.803871000183327e-07 2.258869192373898e-04 -1.835678434405992e-05
2.494740741677638e+02    IPM1A23 -2.283110133672980e-06 -2.803871000183327e-07 2.258869192373898e-04 -1.835678434405992e-05
2.497737241677638e+02       D126 -2.367128128193480e-06 -2.803871000183327e-07 2.203863088086918e-04 -1.835678434405992e-05
2.499237241677638e+02    MQB1A23 -2.425562705369938e-06 -4.996386559335893e-07 2.161507094437125e-04 -3.805451189387978e-05
2.503879641677638e+02       D127 -2.657514955000557e-06 -4.996386559335893e-07 1.984842828420970e-04 -3.805451189387978e-05
2.503879641677638e+02   MBT1A23V -2.657514955000557e-06 -4.996386559335893e-07 1.984842828420970e-04 -3.805451189387978e-05
2.531308841677638e+02       D128 -4.027983817133931e-06 -4.996386559335893e-07 9.410380107813517e-05 -3.805451189387978e-05
2.531308841677638e+02    IPM1A24 -4.027983817133931e-06 -4.996386559335893e-07 9.410380107813517e-05 -3.805451189387978e-05
2.534305341677639e+02       D129 -4.177700540384441e-06 -4.996386559335893e-07 8.270076658913332e-05 -3.805451189387978e-05
2.535805341677639e+02    MQB1A24 -4.188882334085750e-06 3.509254398064309e-07 7.820433135642277e-05 -2.204888178996456e-05
2.538492841677638e+02       D130 -4.094571122137785e-06 3.509254398064309e-07 7.227869437537078e-05 -2.204888178996456e-05
2.538492841677638e+02   MBT1A24H -4.094571122137785e-06 3.509254398064309e-07 7.227869437537078e-05 -2.204888178996456e-05
2.570873497677638e+02       D131 -2.958251527335711e-06 3.509254398064309e-07 8.829687328201331e-07 -2.204888178996456e-05
2.572373497677638e+02    MQB1A25 -2.941952867987167e-06 -1.331636813738377e-07 -2.421642956007247e-06 -2.192430828058125e-05
2.577015897677638e+02       D132 -3.003772775428163e-06 -1.331636813738377e-07 -1.259978383218468e-05 -2.192430828058125e-05
2.577015897677638e+02   MBT1A25V -3.003772775428163e-06 -1.331636813738377e-07 -1.259978383218468e-05 -2.192430828058125e-05
2.627521997677638e+02       D133 -3.676330596211675e-06 -1.331636813738377e-07 -1.233309144771703e-04 -2.192430828058125e-05
2.637538079577638e+02    MJD1A10 -3.809064611724892e-06 -1.778620942620607e-07 -1.436243281473147e-04 -1.824960546514768e-05
2.689689999577638e+02       D134 -4.736649582823638e-06 -1.778620942620607e-07 -2.387995245723092e-04 -1.824960546514768e-05
2.689689999577638e+02    IPM1A26 -4.736649582823638e-06 -1.778620942620607e-07 -2.387995245723092e-04 -1.824960546514768e-05
2.692686499577638e+02       D135 -4.789945959369270e-06 -1.778620942620607e-07 -2.442680188499410e-04 -1.824960546514768e-05
2.694186499577638e+02    MQB1A26 -4.785633112624850e-06 2.353068911832762e-07 -2.485601270784255e-04 -3.903916843203190e-05
2.698828899577638e+02       D136 -4.676394241461921e-06 2.353068911832762e-07 -2.666836706313127e-04 -3.903916843203190e-05
2.698828899577638e+02   MBT1A26H -4.676394241461921e-06 2.353068911832762e-07 -2.666836706313127e-04 -3.903916843203190e-05
2.749334897577638e+02       D137 -3.487953303913057e-06 2.353068911832762e-07 -4.638548869062970e-04 -3.903916843203190e-05
2.759350979477638e+02    MJD1A11 -3.272824142965822e-06 1.837892526799749e-07 -4.966168107427368e-04 -2.581806476996256e-05
2.814499499477638e+02       D138 -2.259253615245153e-06 1.837892526799749e-07 -6.389996168754944e-04 -2.581806476996256e-05
2.815999499477638e+02    MQB1A27 -2.253661266251457e-06 -1.091092399659574e-07 -6.367990179471896e-04 5.511320492527336e-05
2.820641899477638e+02       D139 -2.304314139813255e-06 -1.091092399659574e-07 -6.112132636926797e-04 5.511320492527336e-05
2.820641899477638e+02   MBT1A27V -2.304314139813255e-06 -1.091092399659574e-07 -6.112132636926797e-04 5.511320492527336e-05
2.848071199477638e+02       D140 -2.603593147393082e-06 -1.091092399659574e-07 -4.600416005069997e-04 5.511320492527336e-05
2.848071199477638e+02    IPM1A28 -2.603593147393082e-06 -1.091092399659574e-07 -4.600416005069997e-04 5.511320492527336e-05
2.851067699477638e+02       D141 -2.636287731148881e-06 -1.091092399659574e-07 -4.435269286511404e-04 5.511320492527336e-05
2.852567699477638e+02    MQB1A28 -2.608976854565678e-06 4.722683879271953e-07 -4.423802659203989e-04 -3.978288323272744e-05
2.855249079777639e+02       D142 -2.482343739395585e-06 4.722683879271953e-07 -4.530475698581443e-04 -3.978288323272744e-05
2.855249079777639e+02   MBT1A28H -2.482343739395585e-06 4.722683879271953e-07 -4.530475698581443e-04 -3.978288323272744e-05
2.884639279777639e+02       D143 -1.094337501909784e-06 4.722683879271953e-07 -5.699702593367961e-04 -3.978288323272744e-05
2.884639279777639e+02    IPM1A29 -1.094337501909784e-06 4.722683879271953e-07 -5.699702593367961e-04 -3.978288323272744e-05
2.887635779777639e+02       D144 -9.528222794673912e-07 4.722683879271953e-07 -5.818912002974836e-04 -3.978288323272744e-05
2.889135779777639e+02    MQB1A29 -8.919705084019041e-07 3.405285342814782e-07 -5.818307902676527e-04 4.058697090292398e-05
2.944284179777639e+02       D145 9.859898735949665e-07 3.405285342814782e-07 -3.580001396533710e-04 4.058697090292398e-05
2.954300261677639e+02    MJD1A12 1.294188147493325e-06 2.463742565815800e-07 -3.123349622753276e-04 4.981428093712308e-05
2.987266881677639e+02       D146 2.106400796944064e-06 2.463742565815800e-07 -1.481141152525910e-04 4.981428093712308e-05
2.987266881677639e+02   MBT1A30V 2.106400796944064e-06 2.463742565815800e-07 -1.481141152525910e-04 4.981428093712308e-05
3.006452181677639e+02       D147 2.579077199423528e-06 2.463742565815800e-07 -5.254392284629072e-05 4.981428093712308e-05
3.006452181677639e+02    IPM1A31 2.579077199423528e-06 2.463742565815800e-07 -5.254392284629072e-05 4.981428093712308e-05
3.009448681677640e+02       D148 2.652903245408206e-06 2.463742565815800e-07 -3.761707356348079e-05 4.981428093712308e-05
3.010948681677639e+02    MQB1A31 2.652009941413838e-06 -2.582639022571969e-07 -3.063961515120829e-05 4.343826422635127e-05
3.013636181677639e+02       D149 2.582601517682229e-06 -2.582639022571969e-07 -1.896558164037834e-05 4.343826422635127e-05
3.013636181677639e+02   MBT1A31H 2.582601517682229e-06 -2.582639022571969e-07 -1.896558164037834e-05 4.343826422635127e-05
3.020651681677639e+02       D150 2.401416477053692e-06 -2.582639022571969e-07 1.150853262761826e-05 4.343826422635127e-05
3.020651681677639e+02    ITV1A31 2.401416477053692e-06 -2.582639022571969e-07 1.150853262761826e-05 4.343826422635127e-05
3.066097141677638e+02       D151 1.227724293106380e-06 -2.582639022571969e-07 2.089157225644225e-04 4.343826422635127e-05
3.076113223577638e+02    MJD1A13 9.317769093877821e-07 -3.589861046766981e-07 2.496121180994589e-04 3.712652946113282e-05
3.128265263577638e+02       D152 -9.404088596665416e-07 -3.589861046766981e-07 4.432345430512755e-04 3.712652946113282e-05
3.128265263577638e+02    IPM1A33 -9.404088596665416e-07 -3.589861046766981e-07 4.432345430512755e-04 3.712652946113282e-05
3.131261763577638e+02       D153 -1.047979045932921e-06 -3.589861046766981e-07 4.543595076043047e-04 3.712652946113282e-05
3.132761763577638e+02    MQB1A33 -1.111258098483746e-06 -4.859956127732473e-07 4.559070561867895e-04 -1.652273679729297e-05
3.137404163577638e+02       D154 -1.336876701757607e-06 -4.859956127732473e-07 4.482365408560138e-04 -1.652273679729297e-05
3.137404163577638e+02   MBT1A33V -1.336876701757607e-06 -4.859956127732473e-07 4.482365408560138e-04 -1.652273679729297e-05
3.164833483577638e+02       D155 -2.669929619892955e-06 -4.859956127732473e-07 4.029157973671414e-04 -1.652273679729297e-05
3.164833483577638e+02    IPM1A34 -2.669929619892955e-06 -4.859956127732473e-07 4.029157973671414e-04 -1.652273679729297e-05
3.167829983577639e+02       D156 -2.815558205260469e-06 -4.859956127732473e-07 3.979647592858323e-04 -1.652273679729297e-05
3.169329983577638e+02    MQB1A34 -2.835991604341348e-06 2.143907471257496e-07 4.028255144975560e-04 8.153422299930390e-05
3.172017483577638e+02       D157 -2.778374091051312e-06 2.143907471257496e-07 4.247378369286153e-04 8.153422299930390e-05
3.172017483577638e+02   MBT1A34H -2.778374091051312e-06 2.143907471257496e-07 4.247378369286153e-04 8.153422299930390e-05
3.204398070577638e+02       D158 -2.084164267121281e-06 2.143907471257496e-07 6.887504370592506e-04 8.153422299930390e-05
3.205898070577638e+02    MQB1A35 -2.073907442616224e-06 -7.739817265050295e-08 6.937487013705261e-04 -1.500607096015792e-05
3.210540470577638e+02       D159 -2.109838770287496e-06 -7.739817265050295e-08 6.867822829879822e-04 -1.500607096015792e-05
3.210540470577638e+02   MBT1A35V -2.109838770287496e-06 -7.739817265050295e-08 6.867822829879822e-04 -1.500607096015792e-05
3.261046450577638e+02       D160 -2.500745826279781e-06 -7.739817265050295e-08 6.109926510087506e-04 -1.500607096015792e-05
3.271062532477638e+02    MJD1A14 -2.589083137617512e-06 -1.355096521000466e-07 5.874988379914783e-04 -3.150357501634810e-05
3.323214572477638e+02       D161 -3.295793617288280e-06 -1.355096521000466e-07 4.232012675519206e-04 -3.150357501634810e-05
3.323214572477638e+02    IPM1A36 -3.295793617288280e-06 -1.355096521000466e-07 4.232012675519206e-04 -3.150357501634810e-05
3.326211072477638e+02       D162 -3.336399084540058e-06 -1.355096521000466e-07 4.137612212982713e-04 -3.150357501634810e-05
3.327711072477638e+02    MQB1A36 -3.323048435141324e-06 3.132271550984596e-07 4.131288642754367e-04 2.305812678466157e-05
3.330398572477637e+02       D163 -3.238868637208629e-06 3.132271550984596e-07 4.193257358488134e-04 2.305812678466157e-05
3.330398572477637e+02   MBT1A36H -3.238868637208629e-06 3.132271550984596e-07 4.193257358488134e-04 2.305812678466157e-05
3.382859519477636e+02       D164 -1.595649318950552e-06 3.132271550984596e-07 5.402908525657525e-04 2.305812678466157e-05
3.392875601377636e+02    MJD1A15 -1.310123336933567e-06 2.390712665123676e-07 5.559633360096683e-04 7.967948263742868e-06
3.448024019377636e+02       D165 8.316876807772106e-09 2.390712665123676e-07 5.999053101547947e-04 7.967948263742868e-06
3.449524019377636e+02    MQB1A37 4.412383999305246e-08 2.391427353292891e-07 5.952123408749823e-04 -7.043904843193044e-05
3.454166419377636e+02       D166 1.551434634423249e-07 2.391427353292891e-07 5.625117170309416e-04 -7.043904843193044e-05
3.454166419377636e+02   MBT1A37V 1.551434634423249e-07 2.391427353292891e-07 5.625117170309416e-04 -7.043904843193044e-05
3.481595719377636e+02       D167 8.110952464590918e-07 2.391427353292891e-07 3.693023379155467e-04 -7.043904843193044e-05
3.481595719377636e+02    IPM1A38 8.110952464590918e-07 2.391427353292891e-07 3.693023379155467e-04 -7.043904843193044e-05
3.484592219377637e+02       D168 8.827543671005186e-07 2.391427353292891e-07 3.481952770529174e-04 -7.043904843193044e-05
3.486092219377637e+02    MQL1A38 8.974057688952443e-07 -4.460999658827774e-08 3.461610373382237e-04 4.320260049478000e-05
3.488779719377636e+02       D169 8.854168323121478e-07 -4.460999658827774e-08 3.577717362211939e-04 4.320260049478000e-05
3.488779719377636e+02   MBT1A38H 8.854168323121478e-07 -4.460999658827774e-08 3.577717362211939e-04 4.320260049478000e-05
3.518163801377636e+02       D170 7.543344525351786e-07 -4.460999658827774e-08 4.847186117763807e-04 4.320260049478000e-05
3.518163801377636e+02    IPM1A39 7.543344525351786e-07 -4.460999658827774e-08 4.847186117763807e-04 4.320260049478000e-05
3.521160301377637e+02       D171 7.409670670575004e-07 -4.460999658827774e-08 4.976642710146424e-04 4.320260049478000e-05
3.522660301377637e+02    MQB1A39 7.435559045179137e-07 7.923721715032209e-08 4.978975634929257e-04 -4.009847588044874e-05
3.577808803377636e+02       D172 1.180537287366805e-06 7.923721715032209e-08 2.767604757639413e-04 -4.009847588044874e-05
3.587824885277636e+02    MJD1A16 1.230108284924118e-06 -2.381265621302592e-08 2.327073990051541e-04 -4.711141320803937e-05
3.614649015277636e+02       D173 1.166232906333766e-06 -2.381265621302592e-08 1.063351317675390e-04 -4.711141320803937e-05
3.616149015277635e+02    MQB1A40 1.153707376361569e-06 -1.430003521392160e-07 1.000215385547061e-04 -3.717179648167886e-05
3.620791415277636e+02       D174 1.087320892884460e-06 -1.430003521392160e-07 8.276490375605084e-05 -3.717179648167886e-05
3.620791415277636e+02   MBT1A40V 1.087320892884460e-06 -1.430003521392160e-07 8.276490375605084e-05 -3.717179648167886e-05
3.640001515277636e+02       D175 8.126157864214995e-07 -1.430003521392160e-07 1.135751099678018e-05 -3.717179648167886e-05
3.640001515277636e+02    IPM1R01 8.126157864214995e-07 -1.430003521392160e-07 1.135751099678018e-05 -3.717179648167886e-05
3.642998015277636e+02       D176 7.697657309029835e-07 -1.430003521392160e-07 2.189821810443722e-07 -3.717179648167886e-05
3.644498015277636e+02    MQB1R01 7.364056594072507e-07 -3.007126977366140e-07 -5.380152579036631e-06 -3.766306193058945e-05
3.647185515277636e+02       D177 6.555891218905501e-07 -3.007126977366140e-07 -1.550210047288085e-05 -3.766306193058945e-05
3.647185515277636e+02   MBT1R01H 6.555891218905501e-07 -3.007126977366140e-07 -1.550210047288085e-05 -3.766306193058945e-05
3.654201015277636e+02       D178 4.446241287934277e-07 -3.007126977366140e-07 -4.192462157028577e-05 -3.766306193058945e-05
3.654201015277636e+02    ITV1R01 4.446241287934277e-07 -3.007126977366140e-07 -4.192462157028577e-05 -3.766306193058945e-05
3.700001515277636e+02       D179 -9.326550624751590e-07 -3.007126977366140e-07 -2.144233283654831e-04 -3.766306193058945e-05
3.700001515277636e+02    IPM1R02 -9.326550624751590e-07 -3.007126977366140e-07 -2.144233283654831e-04 -3.766306193058945e-05
3.702998015277636e+02       D180 -1.022763622351942e-06 -3.007126977366140e-07 -2.257090648729850e-04 -3.766306193058945e-05
3.704498015277636e+02    MQL1R02 -1.088762517234487e-06 -5.823230658064223e-07 -2.268720408652614e-04 2.220719628355354e-05
3.709140415277636e+02       D181 -1.359100177304471e-06 -5.823230658064223e-07 -2.165625720625841e-04 2.220719628355354e-05
3.709140415277636e+02   MBT1R02V -1.359100177304471e-06 -5.823230658064223e-07 -2.165625720625841e-04 2.220719628355354e-05
3.745805715277636e+02       D182 -3.494205167775670e-06 -5.823230658064223e-07 -1.351392206730472e-04 2.220719628355354e-05
3.745805715277636e+02    IDA1R02 -3.494205167775670e-06 -5.823230658064223e-07 -1.351392206730472e-04 2.220719628355354e-05
3.760001515277636e+02       D183 -4.320859345533151e-06 -5.823230658064223e-07 -1.036143289728403e-04 2.220719628355354e-05
3.760001515277636e+02    IPM1R03 -4.320859345533151e-06 -5.823230658064223e-07 -1.036143289728403e-04 2.220719628355354e-05
3.762998015277636e+02       D184 -4.495352452202057e-06 -5.823230658064223e-07 -9.695994260647304e-05 2.220719628355354e-05
3.764498015277636e+02    MQL1R03 -4.461041901337115e-06 1.037796068245728e-06 -9.615820355493966e-05 -1.146971836447842e-05
3.767185515277636e+02       D185 -4.182134207996127e-06 1.037796068245728e-06 -9.924069036539271e-05 -1.146971836447842e-05
3.767185515277636e+02   MBT1R03H -4.182134207996127e-06 1.037796068245728e-06 -9.924069036539271e-05 -1.146971836447842e-05
3.820001515277636e+02       D186 1.299089506050543e-06 1.037796068245728e-06 -1.598191548792223e-04 -1.146971836447842e-05
3.820001515277636e+02    IPM1R04 1.299089506050543e-06 1.037796068245728e-06 -1.598191548792223e-04 -1.146971836447842e-05
3.822998015277636e+02       D187 1.610065097900397e-06 1.037796068245728e-06 -1.632560559871384e-04 -1.146971836447842e-05
3.824498015277636e+02    MQL1R04 1.797609574688424e-06 1.470929096919332e-06 -1.619006844073015e-04 2.948528175247570e-05
3.829140415277636e+02       D188 2.480473698642283e-06 1.470929096919332e-06 -1.482124372065316e-04 2.948528175247570e-05
3.829140415277636e+02   MBT1R04V 2.480473698642283e-06 1.470929096919332e-06 -1.482124372065316e-04 2.948528175247570e-05
3.834195015277636e+02       D189 3.223969519971087e-06 1.470929096919332e-06 -1.333088066919261e-04 2.948528175247570e-05
3.834195015277636e+02    ITV1R04 3.223969519971087e-06 1.470929096919332e-06 -1.333088066919261e-04 2.948528175247570e-05
3.861093015277636e+02       D190 7.180474604864664e-06 1.470929096919332e-06 -5.399929583411784e-05 2.948528175247570e-05
3.862593015277636e+02    MQB1R05 7.489064970231463e-06 2.651977555023070e-06 -4.895496958708918e-05 3.764047061928174e-05
3.878096515277635e+02       D191 1.160055837266142e-05 2.651977555023070e-06 9.400934037513520e-06 3.764047061928174e-05
3.878096515277635e+02    IPM1R06 1.160055837266142e-05 2.651977555023070e-06 9.400934037513520e-06 3.764047061928174e-05
3.881093015277636e+02       D192 1.239522344702415e-05 2.651977555023070e-06 2.067990105858205e-05 3.764047061928174e-05
3.882593015277636e+02    MQL1R06 1.240115173070221e-05 -2.573364734702912e-06 2.702376146637148e-05 4.738755628011775e-05
3.885280515277635e+02       D193 1.170955995825091e-05 -2.573364734702912e-06 3.975916721665098e-05 4.738755628011775e-05
3.885280515277635e+02   MBT1R06H 1.170955995825091e-05 -2.573364734702912e-06 3.975916721665098e-05 4.738755628011775e-05
3.901093015277635e+02       D194 7.640426971502111e-06 -2.573364734702912e-06 1.146907405845839e-04 4.738755628011775e-05
3.902593015277635e+02    MQL1R07 7.402140419510574e-06 -6.142633804138956e-07 1.195599512395725e-04 1.733015192140174e-05
3.907235415277635e+02       D195 7.116974787787204e-06 -6.142633804138956e-07 1.276053009675643e-04 1.733015192140174e-05
3.907235415277635e+02   MBT1R07V 7.116974787787204e-06 -6.142633804138956e-07 1.276053009675643e-04 1.733015192140174e-05
3.911782775277634e+02       D196 6.837647115231315e-06 -6.142633804138956e-07 1.354859449316948e-04 1.733015192140174e-05
3.921916280673635e+02    MXI1R01 5.920232168149361e-06 -1.151733438035809e-06 1.510533024486538e-04 1.376476758955110e-05
3.925693749073634e+02       D197 5.485168501409050e-06 -1.151733438035809e-06 1.562528999089405e-04 1.376476758955110e-05
3.935827254469634e+02    MXI1R02 4.081324168747268e-06 -1.543446876324923e-06 1.681208168936328e-04 1.016879018949182e-05
3.939530089169634e+02       D198 3.509811303621009e-06 -1.543446876324923e-06 1.718861518106998e-04 1.016879018949182e-05
3.939530089169634e+02    IPM1R08 3.509811303621009e-06 -1.543446876324923e-06 1.718861518106998e-04 1.016879018949182e-05
3.941764589169633e+02       D199 3.164928099106341e-06 -1.543446876324923e-06 1.741583679785409e-04 1.016879018949182e-05
3.944764589169633e+02    MQN1R08 2.964693575879859e-06 1.886009755440996e-07 1.627629234132866e-04 -8.512998674825490e-05
3.957593100169634e+02       D200 3.206640544817684e-06 1.886009755440996e-07 5.355382627030067e-05 -8.512998674825490e-05
3.957593100169634e+02    IPM1R09 3.206640544817684e-06 1.886009755440996e-07 5.355382627030067e-05 -8.512998674825490e-05
3.960577600169634e+02       D201 3.262928505968813e-06 1.886009755440996e-07 2.814678172528569e-05 -8.512998674825490e-05
3.962077600169633e+02    MQL1R09 3.209872452471871e-06 -8.931984859620947e-07 1.595775575039144e-05 -7.805516732868437e-05
3.963985140169633e+02       D202 3.039491268480682e-06 -8.931984859620947e-07 1.068420361777923e-06 -7.805516732868437e-05
3.963985140169633e+02   MBT1R09H 3.039491268480682e-06 -8.931984859620947e-07 1.068420361777923e-06 -7.805516732868437e-05
4.019630079169633e+02       D203 -1.930706258144626e-06 -8.931984859620947e-07 -4.332690821021656e-04 -7.805516732868437e-05
4.019630079169633e+02    IPM1R10 -1.930706258144626e-06 -8.931984859620947e-07 -4.332690821021656e-04 -7.805516732868437e-05
4.022614579169633e+02       D204 -2.197281346279996e-06 -8.931984859620947e-07 -4.565646467914098e-04 -7.805516732868437e-05
4.024114579169633e+02    MQB1R10 -2.356128996495897e-06 -1.228766726656070e-06 -4.631997898774204e-04 -1.025179874722313e-05
4.026022119169633e+02       D205 -2.590521164672413e-06 -1.228766726656070e-06 -4.651553614956480e-04 -1.025179874722313e-05
4.026022119169633e+02   MBT1R10H -2.590521164672413e-06 -1.228766726656070e-06 -4.651553614956480e-04 -1.025179874722313e-05
4.027980459169632e+02       D206 -2.831155467820365e-06 -1.228766726656070e-06 -4.671630122515115e-04 -1.025179874722313e-05
4.027980459169632e+02   MBT1R10V -2.831155467820365e-06 -1.228766726656070e-06 -4.671630122515115e-04 -1.025179874722313e-05
4.032753415269634e+02       D207 -3.417640432167491e-06 -1.228766726656070e-06 -4.720561507881656e-04 -1.025179874722313e-05
4.042835950515633e+02    MXJ1R04 -4.524129668381361e-06 -8.927826975221257e-07 -4.777744338058536e-04 -1.404853842581668e-06
4.076456183515634e+02       D208 -7.525685899287628e-06 -8.927826975221257e-07 -4.824975851577078e-04 -1.404853842581668e-06
4.076456183515634e+02   IPM1R10A -7.525685899287628e-06 -8.927826975221257e-07 -4.824975851577078e-04 -1.404853842581668e-06
4.081065387215634e+02       D209 -7.937187630559136e-06 -8.927826975221257e-07 -4.831451109106265e-04 -1.404853842581668e-06
4.091298578066634e+02    MXQ1R06 -7.990239727086575e-06 -6.909201930500282e-08 -5.110833256705593e-04 -8.000965638085239e-07
