0.000000000000000e+00      _BEG_ 7.038843791683235e-22 1.507718646112655e-22 1.355252715606881e-22 7.115076756936123e-23
1.023319085100000e+00    MXQ1S01 -1.450284537744347e-11 -1.279840077188273e-11 1.253290243415192e-07 3.854406559280965e-07
4.385342385099980e+00         D0 -5.753136697537998e-11 -1.279840077188273e-11 1.421189490339055e-06 3.854406559280965e-07
4.385342385099980e+00    IPM1S00 -5.753136697537998e-11 -1.279840077188273e-11 1.421189490339055e-06 3.854406559280965e-07
4.846262755100013e+00         D1 -6.343041059450371e-11 -1.279840077188273e-11 1.598846940082488e-06 3.854406559280965e-07
5.854516279700013e+00    MXJ1S03 -5.984801200540484e-11 2.164373949497078e-11 1.832951825156496e-06 -5.105170410438210e-08
6.419949889699970e+00         D2 -4.760991424890184e-11 2.164373949497078e-11 1.804085475808106e-06 -5.105170410438210e-08
6.419949889699970e+00    IPM1S01 -4.760991424890184e-11 2.164373949497078e-11 1.804085475808106e-06 -5.105170410438210e-08
6.718399889700007e+00         D3 -4.115034019651798e-11 2.164373949497078e-11 1.788849094718152e-06 -5.105170410438210e-08
6.868399889700007e+00    MQB1S01 -3.832655564126747e-11 1.607347553651000e-11 1.761810974337585e-06 -3.088089018079996e-07
7.059153889699977e+00         D4 -3.526047588862246e-11 1.607347553651000e-11 1.702904441082111e-06 -3.088089018079996e-07
7.059153889699977e+00   MBT1S01H -3.526047588862246e-11 1.607347553651000e-11 1.702904441082111e-06 -3.088089018079996e-07
7.254987889699968e+00         D5 -3.211274288059232e-11 1.607347553651000e-11 1.642429158605446e-06 -3.088089018079996e-07
7.254987889699968e+00   MBT1S01V -3.211274288059232e-11 1.607347553651000e-11 1.642429158605446e-06 2.094472498448104e-06
7.748509889700009e+00         D6 -2.418012908674797e-11 1.607347553651000e-11 2.676097414984637e-06 2.094472498448104e-06
7.748509889700009e+00    ITV1S01 -2.418012908674797e-11 1.607347553651000e-11 2.676097414984637e-06 2.094472498448104e-06
1.262364978969998e+01         D7 5.418031283254614e-11 1.607347553651000e-11 1.288694386162161e-05 2.094472498448104e-06
1.262364978969998e+01    IPM1S02 5.418031283254614e-11 1.607347553651000e-11 1.288694386162161e-05 2.094472498448104e-06
1.292209978970001e+01         D8 5.897744160618802e-11 1.607347553651000e-11 1.351203917878353e-05 2.094472498448104e-06
1.307209978970002e+01    MQL1S02 5.998253830381742e-11 -2.724167131938182e-12 1.415469351203219e-05 6.509094721938949e-06
1.326285378969999e+01         D9 5.946289252686094e-11 -2.724167131938182e-12 1.539632936662074e-05 6.509094721938949e-06
1.326285378969999e+01   MBT1S02H 5.946289252686094e-11 -2.724167131938182e-12 1.539632936662074e-05 6.509094721938949e-06
1.345868778969998e+01        D10 5.892940798081166e-11 -2.724167131938182e-12 1.667103142239687e-05 6.509094721938949e-06
1.345868778969998e+01   MBT1S02V 5.892940798081166e-11 -2.724167131938182e-12 1.667103142239687e-05 9.804045742815947e-06
1.442995085970000e+01        D11 5.628352504926434e-11 -2.724167131938182e-12 2.619333898898492e-05 9.804045742815947e-06
1.442995085970000e+01    IPM1S03 5.628352504926434e-11 -2.724167131938182e-12 2.619333898898492e-05 9.804045742815947e-06
1.465340085969996e+01        D12 5.567480990341628e-11 -2.724167131938182e-12 2.838405301021683e-05 9.804045742815947e-06
1.495340085969996e+01    MQN1S03 5.942175795101287e-11 2.805999728275341e-11 2.892566487385915e-05 -6.240741268783093e-06
1.554713232970007e+01        D13 7.608186138606846e-11 2.805999728275341e-11 2.522034038645424e-05 -6.240741268783093e-06
1.656048286930007e+01    MXI1S05 1.043145935693864e-10 2.021011202110518e-11 1.890276697818590e-05 -6.297510568011372e-06
1.693822970930008e+01        D14 1.119488995212270e-10 2.021011202110518e-11 1.652390226125292e-05 -6.297510568011372e-06
1.795158024890008e+01    MXI1S06 1.194576408881064e-10 -2.372136488825156e-13 9.995448886853507e-06 -6.932247127320332e-06
1.860505024890006e+01        D15 1.193026288849000e-10 -2.372136488825156e-13 5.465433356563614e-06 -6.932247127320332e-06
1.890505024890006e+01    MQN1S04 1.252564890551363e-10 4.027148412624916e-11 3.156095832208830e-06 -8.342123779174596e-06
1.979975024890006e+01        D16 1.612873859027685e-10 4.027148412624916e-11 -4.307602313018682e-06 -8.342123779174596e-06
1.979975024890006e+01    ITV1S04 1.612873859027685e-10 4.027148412624916e-11 -4.307602313018682e-06 -8.342123779174596e-06
2.038040024890011e+01        D17 1.846710231606717e-10 4.027148412624916e-11 -9.151456485396811e-06 -8.342123779174596e-06
2.038040024890011e+01    IPM1S05 1.846710231606717e-10 4.027148412624916e-11 -9.151456485396811e-06 -8.342123779174596e-06
2.068005024890008e+01        D18 1.967383733790908e-10 4.027148412624916e-11 -1.165117387582617e-05 -8.342123779174596e-06
2.083005024890008e+01    MQL1S05 1.967347361496571e-10 -4.031917232433902e-11 -1.326266881022829e-05 -1.325298578211566e-05
2.109880024890009e+01        D19 1.858989585868905e-10 -4.031917232433902e-11 -1.682440873917202e-05 -1.325298578211566e-05
2.109880024890009e+01   MBT1S05H 1.858989585868905e-10 -4.031917232433902e-11 -1.682440873917202e-05 -1.325298578211566e-05
2.129489024890011e+01        D20 1.779927720859970e-10 -4.031917232433902e-11 -1.942318672118744e-05 -1.325298578211566e-05
2.129489024890011e+01   MBT1S05V 1.779927720859970e-10 -4.031917232433902e-11 -1.942318672118744e-05 -1.325298578211566e-05
2.268005024890007e+01        D21 1.221442673492569e-10 -4.031917232433902e-11 -3.778069250714223e-05 -1.325298578211566e-05
2.283005024890007e+01    MQB1S06 1.185249460665568e-10 -8.102236117826556e-12 -3.901829107386804e-05 -3.195137915838447e-06
2.638040024890011e+01        D22 8.975917206583403e-11 -8.102236117826556e-12 -5.036214897336519e-05 -3.195137915838447e-06
2.638040024890011e+01    IPM1S07 8.975917206583403e-11 -8.102236117826556e-12 -5.036214897336519e-05 -3.195137915838447e-06
2.668005024889996e+01        D23 8.733133701327434e-11 -8.102236117826556e-12 -5.131957204984570e-05 -3.195137915838447e-06
2.683005024889996e+01    MQL1S07 8.662532151223471e-11 -1.320550832799298e-12 -5.150619509704077e-05 7.091817628173912e-07
2.729429024889998e+01        D24 8.601226899376248e-11 -1.320550832799298e-12 -5.117696455547041e-05 7.091817628173912e-07
2.729429024889998e+01   MBT1S07V 8.601226899376248e-11 -1.320550832799298e-12 -5.117696455547041e-05 7.091817628173912e-07
3.185811274890011e+01        D25 7.998550939067100e-11 -1.320550832799298e-12 -4.794038486973465e-05 7.091817628173912e-07
3.185811274890011e+01   MAZ1S08H 7.998550939067100e-11 -1.320550832799298e-12 -4.794038486973465e-05 7.091817628173912e-07
3.238040024890012e+01        D26 7.929580219775598e-11 -1.320550832799298e-12 -4.756998809978716e-05 7.091817628173912e-07
3.238040024890012e+01    IPM1S08 7.929580219775598e-11 -1.320550832799298e-12 -4.756998809978716e-05 7.091817628173912e-07
3.268005024889997e+01        D27 7.890009914039892e-11 -1.320550832799298e-12 -4.735748178455903e-05 7.091817628173912e-07
3.283005024889997e+01    MQL1S08 7.805734446288614e-11 -9.900895191340580e-12 -4.762871132544520e-05 -4.330403418466549e-06
3.309880024889998e+01        D28 7.539647888015139e-11 -9.900895191340580e-12 -4.879250724415814e-05 -4.330403418466549e-06
3.309880024889998e+01   MBT1S08H 7.539647888015139e-11 -9.900895191340580e-12 -4.879250724415814e-05 -4.330403418466549e-06
3.329489024890012e+01        D29 7.345501234229542e-11 -9.900895191340580e-12 -4.964165605048585e-05 -4.330403418466549e-06
3.329489024890012e+01   MBT1S08V 7.345501234229542e-11 -9.900895191340580e-12 -4.964165605048585e-05 -4.330403418466549e-06
3.795919204889998e+01        D30 2.727424907958024e-11 -9.900895191340580e-12 -6.983996450996492e-05 -4.330403418466549e-06
3.795919204889998e+01   MAZ1S09V 2.727424907958024e-11 -9.900895191340580e-12 -6.983996450996492e-05 -4.330403418466549e-06
3.838040024890012e+01        D31 2.310391083771795e-11 -9.900895191340580e-12 -7.166396593913165e-05 -4.330403418466549e-06
3.838040024890012e+01    IPM1S09 2.310391083771795e-11 -9.900895191340580e-12 -7.166396593913165e-05 -4.330403418466549e-06
3.868005024889997e+01        D32 2.013710759376846e-11 -9.900895191340580e-12 -7.296157132347450e-05 -4.330403418466549e-06
3.883005024889997e+01    MQL1S09 1.878056403747691e-11 -8.206194438084173e-12 -7.314523048157796e-05 1.884205208932330e-06
3.929429024889998e+01        D33 1.497092033145694e-11 -8.206194438084173e-12 -7.227050705538319e-05 1.884205208932330e-06
3.929429024889998e+01   MBT1S09V 1.497092033145694e-11 -8.206194438084173e-12 -7.227050705538319e-05 1.884205208932330e-06
4.438040024890012e+01        D34 -2.676668726217223e-11 -8.206194438084173e-12 -6.268723210018013e-05 1.884205208932330e-06
4.438040024890012e+01    IPM1S10 -2.676668726217223e-11 -8.206194438084173e-12 -6.268723210018013e-05 1.884205208932330e-06
4.468005024889997e+01        D35 -2.922567342549253e-11 -8.206194438084173e-12 -6.212263000932384e-05 1.884205208932330e-06
4.483005024889997e+01    MQB1S10 -3.030515866606163e-11 -6.174740416604153e-12 -6.214788163891195e-05 -2.221172712017700e-06
4.509880024889998e+01        D36 -3.196462015303498e-11 -6.174740416604153e-12 -6.274482180526675e-05 -2.221172712017700e-06
4.509880024889998e+01   MBT1S10H -3.196462015303498e-11 -6.174740416604153e-12 -6.274482180526675e-05 -2.221172712017700e-06
4.529489024890012e+01        D37 -3.317542500129857e-11 -6.174740416604153e-12 -6.318037156236661e-05 -2.221172712017700e-06
4.529489024890012e+01   MBT1S10V -3.317542500129857e-11 -6.174740416604153e-12 -6.318037156236661e-05 -2.221172712017700e-06
6.016205624890011e+01        D38 -1.249763157816931e-10 -6.174740416604153e-12 -9.620291498660394e-05 -2.221172712017700e-06
6.016205624890011e+01   MAZ1E01H -1.249763157816931e-10 -6.174740416604153e-12 -9.620291498660394e-05 -2.221172712017700e-06
6.045415624890012e+01        D39 -1.267799574572947e-10 -6.174740416604153e-12 -9.685171953578432e-05 -2.221172712017700e-06
6.045415624890012e+01   MAZ1E01V -1.267799574572947e-10 -6.174740416604153e-12 -9.685171953578432e-05 -2.221172712017700e-06
6.093046624890007e+01        D40 -1.297210480647869e-10 -6.174740416604153e-12 -9.790968631024537e-05 -2.221172712017700e-06
6.093046624890007e+01    IPM1E01 -1.297210480647869e-10 -6.174740416604153e-12 -9.790968631024537e-05 -2.221172712017700e-06
6.123005424890008e+01        D41 -1.315709261975022e-10 -6.174740416604153e-12 -9.857512300069335e-05 -2.221172712017700e-06
6.138005424890008e+01    MQB1E01 -1.331682573274030e-10 -1.514111661302965e-11 -9.842096690730070e-05 4.274899502232664e-06
6.164880424890009e+01        D42 -1.372374324175877e-10 -1.514111661302965e-11 -9.727208766607562e-05 4.274899502232664e-06
6.164880424890009e+01   MBT1E01H -1.372374324175877e-10 -1.514111661302965e-11 -9.727208766607562e-05 4.274899502232664e-06
6.184489424890012e+01        D43 -1.402064539740290e-10 -1.514111661302965e-11 -9.643382262268270e-05 4.274899502232664e-06
6.184489424890012e+01   MBT1E01V -1.402064539740290e-10 -1.514111661302965e-11 -9.643382262268270e-05 4.274899502232664e-06
6.220869424890020e+01        D44 -1.457147921977953e-10 -1.514111661302965e-11 -9.487861418377009e-05 4.274899502232664e-06
6.220869424890020e+01    IHA1E01 -1.457147921977953e-10 -1.514111661302965e-11 -9.487861418377009e-05 4.274899502232664e-06
6.283065424890021e+01        D45 -1.551319610866987e-10 -1.514111661302965e-11 -9.221979768936144e-05 4.274899502232664e-06
6.333072272611611e+01    MBW1E01 -4.296442312351229e-11 7.195561580562314e-10 -9.008397935643855e-05 4.415340640741535e-06
6.908308572611598e+01        D46 4.096183796901563e-09 7.195561580562314e-10 -6.468533722224123e-05 4.415340640741535e-06
7.008322268054798e+01    MBX1E02 3.848864627864783e-09 -2.147336236551090e-09 -6.016712314694412e-05 4.612708160992113e-06
7.583558568054798e+01        D47 -8.503392887831627e-09 -2.147336236551090e-09 -3.363315139185499e-05 4.612708160992113e-06
7.633565415776388e+01    MBW1E03 -9.478679731010836e-09 -1.320648334522837e-09 -3.129954194147209e-05 4.665273168698303e-06
7.748540525776389e+01        D48 -1.099709660634169e-08 -1.320648334522837e-09 -2.593563898396073e-05 4.665273168698303e-06
7.748540525776389e+01    IPM1E02 -1.099709660634169e-08 -1.320648334522837e-09 -2.593563898396073e-05 4.665273168698303e-06
7.778505525776390e+01        D49 -1.139282887978077e-08 -1.320648334522837e-09 -2.453768987896019e-05 4.665273168698303e-06
7.793505525776391e+01    MQB1E02 -1.153176797216227e-08 -5.302842457020914e-10 -2.396346812138930e-05 2.997626039901868e-06
7.820380525776392e+01        D50 -1.167428186319439e-08 -5.302842457020914e-10 -2.315785612316564e-05 2.997626039901868e-06
7.820380525776392e+01   MBT1E02H -1.167428186319439e-08 -5.302842457020914e-10 -2.315785612316564e-05 2.997626039901868e-06
7.839989525776400e+01        D51 -1.177826530093334e-08 -5.302842457020914e-10 -2.257005163300104e-05 2.997626039901868e-06
7.839989525776400e+01   MBT1E02V -1.177826530093334e-08 -5.302842457020914e-10 -2.257005163300104e-05 2.997626039901868e-06
9.403540125776399e+01        D52 -2.006952780631387e-08 -5.302842457020914e-10 2.429934829964086e-05 2.997626039901868e-06
9.403540125776399e+01    IPM1E03 -2.006952780631387e-08 -5.302842457020914e-10 2.429934829964086e-05 2.997626039901868e-06
9.433505125776384e+01        D53 -2.022842748053874e-08 -5.302842457020914e-10 2.519758694249700e-05 2.997626039901868e-06
9.448505125776384e+01    MQB1E03 -2.039630227454087e-08 -1.709675939433911e-09 2.553687325853517e-05 1.522915822080942e-06
9.475380125776385e+01        D54 -2.085577768326405e-08 -1.709675939433911e-09 2.594615688571944e-05 1.522915822080942e-06
9.475380125776385e+01   MBT1E03H -2.085577768326405e-08 -1.709675939433911e-09 2.594615688571944e-05 1.522915822080942e-06
9.494989125776394e+01        D55 -2.119102803822714e-08 -1.709675939433911e-09 2.624478544927142e-05 1.522915822080942e-06
9.494989125776394e+01   MBT1E03V -2.119102803822714e-08 -1.709675939433911e-09 2.624478544927142e-05 1.522915822080942e-06
9.565144125776399e+01        D56 -2.239045119353740e-08 -1.709675939433911e-09 2.731318704425238e-05 1.522915822080942e-06
9.565144125776399e+01    IHA1E03 -2.239045119353740e-08 -1.709675939433911e-09 2.731318704425238e-05 1.522915822080942e-06
1.105854012577640e+02        D57 -4.792268328600584e-08 -1.709675939433911e-09 5.005635101457630e-05 1.522915822080942e-06
1.105854012577640e+02    IPM1A01 -4.792268328600584e-08 -1.709675939433911e-09 5.005635101457630e-05 1.522915822080942e-06
1.108850512577639e+02        D58 -4.843498768125718e-08 -1.709675939433911e-09 5.051269274066271e-05 1.522915822080942e-06
1.110350512577639e+02    MQB1A01 -4.831779049495056e-08 3.270306268409879e-09 5.113166777034696e-05 6.740742498600568e-06
1.113038012577640e+02        D59 -4.743889568531584e-08 3.270306268409879e-09 5.294324231684670e-05 6.740742498600568e-06
1.113038012577640e+02   MBT1A01H -4.743889568531584e-08 3.270306268409879e-09 5.294324231684670e-05 6.740742498600568e-06
1.114998912577640e+02        D60 -4.679762132914325e-08 3.270306268409879e-09 5.426503451339709e-05 6.740742498600568e-06
1.114998912577640e+02   MBT1A01V -4.679762132914325e-08 3.270306268409879e-09 5.426503451339709e-05 6.740742498600568e-06
1.120053512577640e+02        D61 -4.514461232271266e-08 3.270306268409879e-09 5.767221021673992e-05 6.740742498600568e-06
1.120053512577640e+02    ITV1A01 -4.514461232271266e-08 3.270306268409879e-09 5.767221021673992e-05 6.740742498600568e-06
1.137199712577640e+02        D62 -3.953727978877171e-08 3.270306268409879e-09 6.923002211969042e-05 6.740742498600568e-06
1.138699712577640e+02    MQB1A02 -3.891170825638539e-08 5.065887591567952e-09 7.047995431889312e-05 9.934571272226100e-06
1.165523912577640e+02        D63 -2.532287006301163e-08 5.065887591567952e-09 9.712864699093775e-05 9.934571272226100e-06
1.175539994477640e+02    MJD1A01 -4.958823631709221e-08 -8.190802105543539e-08 1.057545694063099e-04 7.141773537593591e-06
1.211438414477640e+02        D64 -3.436250904387769e-07 -8.190802105543539e-08 1.313924080060518e-04 7.141773537593591e-06
1.211438414477640e+02    SBC1A02 -3.436250904387769e-07 -8.190802105543539e-08 1.313924080060518e-04 7.141773537593591e-06
1.217358414477640e+02        D65 -3.921146389035984e-07 -8.190802105543539e-08 1.356203379403075e-04 7.141773537593591e-06
1.217358414477640e+02    SSS1A02 -3.921146389035984e-07 -8.190802105543539e-08 1.356203379403075e-04 7.141773537593591e-06
1.227691914477640e+02        D66 -4.767542924612310e-07 -8.190802105543539e-08 1.430002896253797e-04 7.141773537593591e-06
1.227691914477640e+02    IPM1A03 -4.767542924612310e-07 -8.190802105543539e-08 1.430002896253797e-04 7.141773537593591e-06
1.230688414477639e+02        D67 -5.012980309704850e-07 -8.190802105543539e-08 1.451403220659189e-04 7.141773537593591e-06
1.232188414477639e+02    MQB1A03 -5.199159980261001e-07 -1.668530908968782e-07 1.444378121841429e-04 -1.648964810705601e-05
1.236830814477639e+02        D68 -5.973758769440603e-07 -1.668530908968782e-07 1.367826579469238e-04 -1.648964810705601e-05
1.236830814477639e+02   MBT1A03V -5.973758769440603e-07 -1.668530908968782e-07 1.367826579469238e-04 -1.648964810705601e-05
1.264260014477640e+02        D69 -1.055040557026949e-06 -1.668530908968782e-07 9.155287236111548e-05 -1.648964810705601e-05
1.264260014477640e+02    IPM1A04 -1.055040557026949e-06 -1.668530908968782e-07 9.155287236111548e-05 -1.648964810705601e-05
1.267256514477639e+02        D70 -1.105038085714183e-06 -1.668530908968782e-07 8.661174930583769e-05 -1.648964810705601e-05
1.268756514477639e+02    MQL1A04 -1.101745532850394e-06 2.105706151379712e-07 8.628852419731550e-05 1.216175520507421e-05
1.271444014477639e+02        D71 -1.045154680032074e-06 2.105706151379712e-07 8.955699590867865e-05 1.216175520507421e-05
1.271444014477639e+02   MBT1A04H -1.045154680032074e-06 2.105706151379712e-07 8.955699590867865e-05 1.216175520507421e-05
1.278459514477639e+02        D72 -8.974288649820318e-07 2.105706151379712e-07 9.808907527279843e-05 1.216175520507421e-05
1.278459514477639e+02    ITV1A04 -8.974288649820318e-07 2.105706151379712e-07 9.808907527279843e-05 1.216175520507421e-05
1.300828204477639e+02        D73 -4.264099836689708e-07 2.105706151379712e-07 1.252933284766177e-04 1.216175520507421e-05
1.300828204477639e+02    IPM1A05 -4.264099836689708e-07 2.105706151379712e-07 1.252933284766177e-04 1.216175520507421e-05
1.303824704477639e+02        D74 -3.633124988428737e-07 2.105706151379712e-07 1.289375984238184e-04 1.216175520507421e-05
1.305324704477639e+02    MQB1A05 -3.351755423647572e-07 1.652008911108123e-07 1.295310353647878e-04 -4.261736294786617e-06
1.309967104477639e+02        D75 -2.584826806754707e-07 1.652008911108123e-07 1.275525669072961e-04 -4.261736294786617e-06
1.309967104477639e+02   MBT1A05V -2.584826806754707e-07 1.652008911108123e-07 1.275525669072961e-04 -4.261736294786617e-06
1.360473102477639e+02        D76 5.758809069286202e-07 1.652008911108123e-07 1.060282424291940e-04 -4.261736294786617e-06
1.370489184377639e+02    MJD1A02 7.084642486116135e-07 7.156616860044179e-08 1.002880606093298e-04 -7.101772299385934e-06
1.422641104377639e+02        D77 1.081695558567288e-06 7.156616860044179e-08 6.325095452775062e-05 -7.101772299385934e-06
1.422641104377639e+02    IPM1A06 1.081695558567288e-06 7.156616860044179e-08 6.325095452775062e-05 -7.101772299385934e-06
1.425637604377639e+02        D78 1.103140360988408e-06 7.156616860044179e-08 6.112290845823988e-05 -7.101772299385934e-06
1.427137604377639e+02    MQB1A06 1.102352618674219e-06 -8.205162058494420e-08 6.067994415365713e-05 1.185451306291715e-06
1.429825104377639e+02        D79 1.080301245642014e-06 -8.205162058494420e-08 6.099853419222304e-05 1.185451306291715e-06
1.429825104377639e+02   MBT1A06H 1.080301245642014e-06 -8.205162058494420e-08 6.099853419222304e-05 1.185451306291715e-06
1.482286114377639e+02        D80 6.498501568397167e-07 -8.205162058494420e-08 6.721753147561134e-05 1.185451306291715e-06
1.492302196277639e+02    MJD1A03 5.368601007430847e-07 -1.709040457521522e-07 6.747856001643339e-05 -6.686924972793019e-07
1.544454116277639e+02        D81 -3.544373114311739e-07 -1.709040457521522e-07 6.399120025416235e-05 -6.686924972793019e-07
1.544454116277639e+02    IPM1A07 -3.544373114311739e-07 -1.709040457521522e-07 6.399120025416235e-05 -6.686924972793019e-07
1.547450616277639e+02        D82 -4.056487087408001e-07 -1.709040457521522e-07 6.379082654735263e-05 -6.686924972793019e-07
1.548950616277639e+02    MQB1A07 -4.355834830637403e-07 -2.289201937949826e-07 6.304464829249333e-05 -9.263632522723932e-06
1.553593016277639e+02        D83 -5.418573938311267e-07 -2.289201937949826e-07 5.874409953014381e-05 -9.263632522723932e-06
1.553593016277639e+02   MBT1A07V -5.418573938311267e-07 -2.289201937949826e-07 5.874409953014381e-05 -9.263632522723932e-06
1.581022196277639e+02        D84 -1.169766713954865e-06 -2.289201937949826e-07 3.333471513817921e-05 -9.263632522723932e-06
1.581022196277639e+02    IPM1A08 -1.169766713954865e-06 -2.289201937949826e-07 3.333471513817921e-05 -9.263632522723932e-06
1.584018696277638e+02        D85 -1.238362650025510e-06 -2.289201937949826e-07 3.055886765274586e-05 -9.263632522723932e-06
1.585518696277638e+02    MQB1A08 -1.248869277482309e-06 8.927345334304535e-08 2.973490899231262e-05 -1.757205990944015e-06
1.588206196277638e+02        D86 -1.224877036896364e-06 8.927345334304535e-08 2.926265988224640e-05 -1.757205990944015e-06
1.588206196277638e+02   MBT1A08H -1.224877036896364e-06 8.927345334304535e-08 2.926265988224640e-05 -1.757205990944015e-06
1.617590383277638e+02        D87 -9.625542521795760e-07 8.927345334304535e-08 2.409925293870437e-05 -1.757205990944015e-06
1.617590383277638e+02    IPM1A09 -9.625542521795760e-07 8.927345334304535e-08 2.409925293870437e-05 -1.757205990944015e-06
1.620586883277637e+02        D88 -9.358034618853412e-07 8.927345334304535e-08 2.357270616351816e-05 -1.757205990944015e-06
1.622086883277638e+02    MQB1A09 -9.305296645874777e-07 -1.885400650486541e-08 2.310935368214874e-05 -4.412102681898109e-06
1.626729283277638e+02        D89 -9.392824485672973e-07 -1.885400650486541e-08 2.106107913310428e-05 -4.412102681898109e-06
1.626729283277638e+02   MBT1A09V -9.392824485672973e-07 -1.885400650486541e-08 2.106107913310428e-05 -4.412102681898109e-06
1.677235443277638e+02        D90 -1.034506795484875e-06 -1.885400650486541e-08 -1.222757265733488e-06 -4.412102681898109e-06
1.687251525177638e+02    MJD1A04 -1.073551256674216e-06 -8.924821516166140e-08 -5.632499995317335e-06 -4.317722266869117e-06
1.711079245177638e+02        D91 -1.286209404811391e-06 -8.924821516166140e-08 -1.592064771658929e-05 -4.317722266869117e-06
1.711079245177638e+02    IPM1A10 -1.286209404811391e-06 -8.924821516166140e-08 -1.592064771658929e-05 -4.317722266869117e-06
1.739403445177638e+02        D92 -1.538997834399590e-06 -8.924821516166140e-08 -2.815025061971502e-05 -4.317722266869117e-06
1.739403445177638e+02    IPM1A11 -1.538997834399590e-06 -8.924821516166140e-08 -2.815025061971502e-05 -4.317722266869117e-06
1.742399945177638e+02        D93 -1.565741062072784e-06 -8.924821516166140e-08 -2.944405609698244e-05 -4.317722266869117e-06
1.743899945177639e+02    MQB1A11 -1.556116020697447e-06 2.172718677595023e-07 -3.051844692146805e-05 -1.004208045187638e-05
1.746587445177638e+02        D94 -1.497724206237093e-06 2.172718677595023e-07 -3.321725604290938e-05 -1.004208045187638e-05
1.746587445177638e+02   MBT1A11H -1.497724206237093e-06 2.172718677595023e-07 -3.321725604290938e-05 -1.004208045187638e-05
1.799048405177637e+02        D95 -3.578951298714557e-07 2.172718677595023e-07 -8.589897413317546e-05 -1.004208045187638e-05
1.809064487077637e+02    MJD1A05 -1.692937286665568e-07 1.345607221543057e-07 -9.478781537844988e-05 -7.554810414729621e-06
1.861216407077637e+02        D96 5.324662730268010e-07 1.345607221543057e-07 -1.341876022148645e-04 -7.554810414729621e-06
1.861216407077637e+02    IPM1A13 5.324662730268010e-07 1.345607221543057e-07 -1.341876022148645e-04 -7.554810414729621e-06
1.864212907077637e+02        D97 5.727873934203414e-07 1.345607221543057e-07 -1.364514011556384e-04 -7.554810414729621e-06
1.865712907077638e+02    MQB1A13 5.988942953469335e-07 2.141292731944644e-07 -1.362141185069974e-04 1.071332227963720e-05
1.870355307077638e+02        D98 6.983016691347356e-07 2.141292731944644e-07 -1.312405657718985e-04 1.071332227963720e-05
1.870355307077638e+02   MBT1A13V 6.983016691347356e-07 2.141292731944644e-07 -1.312405657718985e-04 1.071332227963720e-05
1.897784507077638e+02        D99 1.285641135165302e-06 2.141292731944644e-07 -1.018547798246357e-04 1.071332227963720e-05
1.897784507077638e+02    IPM1A14 1.285641135165302e-06 2.141292731944644e-07 -1.018547798246357e-04 1.071332227963720e-05
1.900781007077638e+02       D100 1.349804971878027e-06 2.141292731944644e-07 -9.864453280354218e-05 1.071332227963720e-05
1.902281007077638e+02    MQB1A14 1.359231346877505e-06 -8.879262365754723e-08 -9.865291927453853e-05 -1.082545101314513e-05
1.904968507077638e+02       D101 1.335368329269543e-06 -8.879262365754723e-08 -1.015622592343208e-04 -1.082545101314513e-05
1.904968507077638e+02   MBT1A14H 1.335368329269543e-06 -8.879262365754723e-08 -1.015622592343208e-04 -1.082545101314513e-05
1.937348987077638e+02       D102 1.047853551820466e-06 -8.879262365754723e-08 -1.366155892365337e-04 -1.082545101314513e-05
1.938848987077638e+02    MQB1A15 1.044331412247351e-06 4.175832172060989e-08 -1.369806351393211e-04 5.965585183315880e-06
1.943491387077638e+02       D103 1.063717295522926e-06 4.175832172060989e-08 -1.342111718738184e-04 5.965585183315880e-06
1.943491387077638e+02   MBT1A15V 1.063717295522926e-06 4.175832172060989e-08 -1.342111718738184e-04 5.965585183315880e-06
1.993997487077638e+02       D104 1.274622292788254e-06 4.175832172060989e-08 -1.040813276911116e-04 5.965585183315880e-06
2.004013568977638e+02    MJD1A06 1.283275368299793e-06 -5.369795556987226e-08 -9.665847953223713e-05 8.728868325350139e-06
2.056165488977638e+02       D105 1.003230219995438e-06 -5.369795556987226e-08 -5.113575527281769e-05 8.728868325350139e-06
2.056165488977638e+02    IPM1A16 1.003230219995438e-06 -5.369795556987226e-08 -5.113575527281769e-05 8.728868325350139e-06
2.059161988977638e+02       D106 9.871396276089257e-07 -5.369795556987226e-08 -4.852014987912635e-05 8.728868325350139e-06
2.060661988977638e+02    MQB1A16 9.724045017823833e-07 -1.425494158897819e-07 -4.753061821156179e-05 4.479558681012542e-06
2.065304388977638e+02       D107 9.062273609497088e-07 -1.425494158897819e-07 -4.545102788948844e-05 4.479558681012542e-06
2.065304388977638e+02   MBT1A16H 9.062273609497088e-07 -1.425494158897819e-07 -4.545102788948844e-05 4.479558681012542e-06
2.115810488977638e+02       D108 1.862658555626238e-07 -1.425494158897819e-07 -2.282652401957987e-05 4.479558681012542e-06
2.125826570877638e+02    MJD1A07 1.363775996707675e-08 -2.307005512152017e-07 -1.801692548823998e-05 5.041777737016948e-06
2.180975090877638e+02       D109 -1.258641636303182e-06 -2.307005512152017e-07 9.787732548303413e-06 5.041777737016948e-06
2.182475090877638e+02    MQB1A17 -1.308580768212480e-06 -4.365030372709423e-07 1.042566144210007e-05 3.447326409587713e-06
2.187117490877638e+02       D110 -1.511222938235150e-06 -4.365030372709423e-07 1.202604825448713e-05 3.447326409587713e-06
2.187117490877638e+02   MBT1A17V -1.511222938235150e-06 -4.365030372709423e-07 1.202604825448713e-05 3.447326409587713e-06
2.214546790877638e+02       D111 -2.708520214256734e-06 -4.365030372709423e-07 2.148182328313756e-05 3.447326409587713e-06
2.214546790877638e+02    IPM1A18 -2.708520214256734e-06 -4.365030372709423e-07 2.148182328313756e-05 3.447326409587713e-06
2.217543290877638e+02       D112 -2.839318349374979e-06 -4.365030372709423e-07 2.251481464177058e-05 3.447326409587713e-06
2.219043290877638e+02    MQB1A18 -2.860325490388824e-06 1.571291597768583e-07 2.337915113873337e-05 8.106777733599881e-06
2.221730790877638e+02       D113 -2.818097028698801e-06 1.571291597768583e-07 2.555784765463797e-05 8.106777733599881e-06
2.221730790877638e+02   MBT1A18H -2.818097028698801e-06 1.571291597768583e-07 2.555784765463797e-05 8.106777733599881e-06
2.251114839877638e+02       D114 -2.356387935677593e-06 1.571291597768583e-07 4.937884307025892e-05 8.106777733599881e-06
2.251114839877638e+02    IPM1A19 -2.356387935677593e-06 1.571291597768583e-07 4.937884307025892e-05 8.106777733599881e-06
2.254111339877638e+02       D115 -2.309304182950454e-06 1.571291597768583e-07 5.180803901813228e-05 8.106777733599881e-06
2.255611339877638e+02    MQB1A19 -2.300914401528224e-06 -4.514283325190554e-08 5.268752806135409e-05 3.607184647315358e-06
2.260253739877638e+02       D116 -2.321871510437087e-06 -4.514283325190554e-08 5.436212746202384e-05 3.607184647315358e-06
2.260253739877638e+02   MBT1A19V -2.321871510437087e-06 -4.514283325190554e-08 5.436212746202384e-05 3.607184647315358e-06
2.310759737877638e+02       D117 -2.549869895030589e-06 -4.514283325190554e-08 7.258057352031764e-05 3.607184647315358e-06
2.320775819777638e+02    MJD1A08 -2.607591053169298e-06 -1.029255680096499e-07 7.519719824163824e-05 1.572908118487515e-06
2.372927639777638e+02       D118 -3.144366622793006e-06 -1.029255680096499e-07 8.340020034882825e-05 1.572908118487515e-06
2.372927639777638e+02    IPM1A21 -3.144366622793006e-06 -1.029255680096499e-07 8.340020034882825e-05 1.572908118487515e-06
2.375924139777638e+02       D119 -3.175208269247098e-06 -1.029255680096499e-07 8.387152226653306e-05 1.572908118487515e-06
2.377424139777638e+02    MQB1A21 -3.167755488684530e-06 2.021780820594856e-07 8.469966099108172e-05 9.481967384312775e-06
2.380111639777638e+02       D120 -3.113420129131051e-06 2.021780820594856e-07 8.724793972561534e-05 9.481967384312775e-06
2.380111639777638e+02   MBT1A21H -3.113420129131051e-06 2.021780820594856e-07 8.724793972561534e-05 9.481967384312775e-06
2.387127139777638e+02       D121 -2.971582095662220e-06 2.021780820594856e-07 9.390001394407995e-05 9.481967384312775e-06
2.387127139777638e+02    ITV1A21 -2.971582095662220e-06 2.021780820594856e-07 9.390001394407995e-05 9.481967384312775e-06
2.388489979777638e+02       D122 -2.944028457926814e-06 2.021780820594856e-07 9.519225438708406e-05 9.481967384312775e-06
2.388489979777638e+02    IHA1A21 -2.944028457926814e-06 2.021780820594856e-07 9.519225438708406e-05 9.481967384312775e-06
2.442588329732222e+02       D123 -1.850278394286755e-06 2.021780820594856e-07 1.464881333685342e-04 9.481967384312775e-06
2.442588329732222e+02    ISR1A21 -1.850278394286755e-06 2.021780820594856e-07 1.464881333685342e-04 9.481967384312775e-06
2.432572347832221e+02       D124 -2.052779595335215e-06 2.021780820594856e-07 1.369910119987672e-04 9.481967384312775e-06
2.442588429732222e+02    MJD1A09 -1.873713546196406e-06 1.355399024329937e-07 1.446121330188392e-04 5.605507885640222e-06
2.494740741677638e+02       D125 -1.166841618922730e-06 1.355399024329937e-07 1.738461526052791e-04 5.605507885640222e-06
2.494740741677638e+02    IPM1A23 -1.166841618922730e-06 1.355399024329937e-07 1.738461526052791e-04 5.605507885640222e-06
2.497737241677638e+02       D126 -1.126227087158681e-06 1.355399024329937e-07 1.755258430432113e-04 5.605507885640222e-06
2.499237241677638e+02    MQB1A23 -1.113328385507201e-06 3.663134468064634e-08 1.752335864504564e-04 -9.498089296341527e-06
2.503879641677638e+02       D127 -1.096322650052656e-06 3.663134468064634e-08 1.708241934755226e-04 -9.498089296341527e-06
2.503879641677638e+02   MBT1A23V -1.096322650052656e-06 3.663134468064634e-08 1.708241934755226e-04 -9.498089296341527e-06
2.531308841677638e+02       D128 -9.958458021012162e-07 3.663134468064634e-08 1.447716943828012e-04 -9.498089296341527e-06
2.531308841677638e+02    IPM1A24 -9.958458021012162e-07 3.663134468064634e-08 1.447716943828012e-04 -9.498089296341527e-06
2.534305341677639e+02       D129 -9.848692196676599e-07 3.663134468064634e-08 1.419255919251523e-04 -9.498089296341527e-06
2.535805341677639e+02    MQB1A24 -9.639305495789554e-07 2.418316437277685e-07 1.426659506431019e-04 1.939490814343594e-05
2.538492841677638e+02       D130 -8.989382953271278e-07 2.418316437277685e-07 1.478783322066494e-04 1.939490814343594e-05
2.538492841677638e+02   MBT1A24H -8.989382953271278e-07 2.418316437277685e-07 1.478783322066494e-04 1.939490814343594e-05
2.570873497677638e+02       D131 -1.158715687807852e-07 2.418316437277685e-07 2.106803170810692e-04 1.939490814343594e-05
2.572373497677638e+02    MQB1A25 -8.092444440134414e-08 2.250766212771715e-07 2.110952814869571e-04 -1.387285682227088e-05
2.577015897677638e+02       D132 2.356512626037338e-08 2.250766212771715e-07 2.046549464357858e-04 -1.387285682227088e-05
2.577015897677638e+02   MBT1A25V 2.356512626037338e-08 2.250766212771715e-07 2.046549464357858e-04 -1.387285682227088e-05
2.627521997677638e+02       D133 1.160339360449060e-06 2.250766212771715e-07 1.345885570406568e-04 -1.387285682227088e-05
2.637538079577638e+02    MJD1A10 1.353345302141380e-06 1.323182658479721e-07 1.188109458331482e-04 -1.736102007930958e-05
2.689689999577638e+02       D134 2.043410463645596e-06 1.323182658479721e-07 2.826989280369356e-05 -1.736102007930958e-05
2.689689999577638e+02    IPM1A26 2.043410463645596e-06 1.323182658479721e-07 2.826989280369356e-05 -1.736102007930958e-05
2.692686499577638e+02       D135 2.083059632006945e-06 1.323182658479721e-07 2.306766313692810e-05 -1.736102007930958e-05
2.694186499577638e+02    MQB1A26 2.088779483724702e-06 -5.614002743620555e-08 2.061116804698399e-05 -1.542866913179037e-05
2.698828899577638e+02       D136 2.062717037387716e-06 -5.614002743620555e-08 1.344856268924135e-05 -1.542866913179037e-05
2.698828899577638e+02   MBT1A26H 2.062717037387716e-06 -5.614002743620555e-08 1.344856268924135e-05 -1.542866913179037e-05
2.749334897577638e+02       D137 1.779176226046426e-06 -5.614002743620555e-08 -6.447547054204433e-05 -1.542866913179037e-05
2.759350979477638e+02    MJD1A11 1.684859537673098e-06 -1.591863654388539e-07 -7.906484038082744e-05 -1.345276193371463e-05
2.814499499477638e+02       D138 8.069702918599040e-07 -1.591863654388539e-07 -1.532548314364974e-04 -1.345276193371463e-05
2.815999499477638e+02    MQB1A27 7.906070998602772e-07 -5.933172698618564e-08 -1.538600586866811e-04 5.395355465599844e-06
2.820641899477638e+02       D139 7.630629389242096e-07 -5.933172698618564e-08 -1.513553188653309e-04 5.395355465599844e-06
2.820641899477638e+02   MBT1A27V 7.630629389242096e-07 -5.933172698618564e-08 -1.513553188653309e-04 5.395355465599844e-06
2.848071199477638e+02       D140 6.003201650219916e-07 -5.933172698618564e-08 -1.365562364980731e-04 5.395355465599844e-06
2.848071199477638e+02    IPM1A28 6.003201650219916e-07 -5.933172698618564e-08 -1.365562364980731e-04 5.395355465599844e-06
2.851067699477638e+02       D141 5.825414130305795e-07 -5.933172698618564e-08 -1.349395182328060e-04 5.395355465599844e-06
2.852567699477638e+02    MQB1A28 5.639229188395714e-07 -1.882296139315064e-07 -1.363475265876208e-04 -2.422072965100029e-05
2.855249079777639e+02       D142 5.134514009723079e-07 -1.882296139315064e-07 -1.428420253214037e-04 -2.422072965100029e-05
2.855249079777639e+02   MBT1A28H 5.134514009723079e-07 -1.882296139315064e-07 -1.428420253214037e-04 -2.422072965100029e-05
2.884639279777639e+02       D143 -3.975919896467307e-08 -1.882296139315064e-07 -2.140272341802873e-04 -2.422072965100029e-05
2.884639279777639e+02    IPM1A29 -3.975919896467307e-08 -1.882296139315064e-07 -2.140272341802873e-04 -2.422072965100029e-05
2.887635779777639e+02       D144 -9.616220277925192e-08 -1.882296139315064e-07 -2.212849758202100e-04 -2.422072965100029e-05
2.889135779777639e+02    MQB1A29 -1.254596911823642e-07 -2.030743560862907e-07 -2.226895103124206e-04 5.524718715092361e-06
2.944284179777639e+02       D145 -1.245382273101286e-06 -2.030743560862907e-07 -1.922215705536806e-04 5.524718715092361e-06
2.954300261677639e+02    MJD1A12 -1.466295444510706e-06 -2.726846144768193e-07 -1.840239465176602e-04 1.070397639921894e-05
2.987266881677639e+02       D146 -2.365244451041078e-06 -2.726846144768193e-07 -1.487365542734586e-04 1.070397639921894e-05
2.987266881677639e+02   MBT1A30V -2.365244451041078e-06 -2.726846144768193e-07 -1.487365542734586e-04 1.070397639921894e-05
3.006452181677639e+02       D147 -2.888398064453298e-06 -2.726846144768193e-07 -1.282006544322648e-04 1.070397639921894e-05
3.006452181677639e+02    IPM1A31 -2.888398064453298e-06 -2.726846144768193e-07 -1.282006544322648e-04 1.070397639921894e-05
3.009448681677640e+02       D148 -2.970108009181282e-06 -2.726846144768193e-07 -1.249932079042386e-04 1.070397639921894e-05
3.010948681677639e+02    MQB1A31 -2.967443491777477e-06 3.081275466123351e-07 -1.251783501846865e-04 -1.317850097325896e-05
3.013636181677639e+02       D149 -2.884634213625428e-06 3.081275466123351e-07 -1.287200723212492e-04 -1.317850097325896e-05
3.013636181677639e+02   MBT1A31H -2.884634213625428e-06 3.081275466123351e-07 -1.287200723212492e-04 -1.317850097325896e-05
3.020651681677639e+02       D150 -2.668467333299546e-06 3.081275466123351e-07 -1.379654496790390e-04 -1.317850097325896e-05
3.020651681677639e+02    ITV1A31 -2.668467333299546e-06 3.081275466123351e-07 -1.379654496790390e-04 -1.317850097325896e-05
3.066097141677638e+02       D151 -1.268167523852668e-06 3.081275466123351e-07 -1.978557535630580e-04 -1.317850097325896e-05
3.076113223577638e+02    MJD1A13 -9.891136317701560e-07 2.267686932259708e-07 -2.083450542938624e-04 -7.586900949132843e-06
3.128265263577638e+02       D152 1.935313642166932e-07 2.267686932259708e-07 -2.479122904713835e-04 -7.586900949132843e-06
3.128265263577638e+02    IPM1A33 1.935313642166932e-07 2.267686932259708e-07 -2.479122904713835e-04 -7.586900949132843e-06
3.131261763577638e+02       D153 2.614826031418599e-07 2.267686932259708e-07 -2.501857053407914e-04 -7.586900949132843e-06
3.132761763577638e+02    MQB1A33 2.978103680326651e-07 2.583038406012744e-07 -2.491922211818590e-04 2.081465032677320e-05
3.137404163577638e+02       D154 4.177253429934055e-07 2.583038406012744e-07 -2.395292279141575e-04 2.081465032677320e-05
3.137404163577638e+02   MBT1A33V 4.177253429934055e-07 2.583038406012744e-07 -2.395292279141575e-04 2.081465032677320e-05
3.164833483577638e+02       D155 1.126235213101540e-06 2.583038406012744e-07 -1.824360574640408e-04 2.081465032677320e-05
3.164833483577638e+02    IPM1A34 1.126235213101540e-06 2.583038406012744e-07 -1.824360574640408e-04 2.081465032677320e-05
3.167829983577639e+02       D156 1.203635958937717e-06 2.583038406012744e-07 -1.761989474936228e-04 2.081465032677320e-05
3.169329983577638e+02    MQB1A34 1.219443190619578e-06 -4.820459693451958e-08 -1.763683071010815e-04 -2.307991541062470e-05
3.172017483577638e+02       D157 1.206488205193429e-06 -4.820459693451958e-08 -1.825710343676858e-04 -2.307991541062470e-05
3.172017483577638e+02   MBT1A34H 1.206488205193429e-06 -4.820459693451958e-08 -1.825710343676858e-04 -2.307991541062470e-05
3.204398070577638e+02       D158 1.050398890709616e-06 -4.820459693451958e-08 -2.573051552583230e-04 -2.307991541062470e-05
3.205898070577638e+02    MQB1A35 1.053968682140080e-06 9.588876035229650e-08 -2.581488173017258e-04 1.184999069152423e-05
3.210540470577638e+02       D159 1.098484080246033e-06 9.588876035229650e-08 -2.526475776230924e-04 1.184999069152423e-05
3.210540470577638e+02   MBT1A35V 1.098484080246033e-06 9.588876035229650e-08 -2.526475776230924e-04 1.184999069152423e-05
3.261046450577638e+02       D160 1.582779661503820e-06 9.588876035229650e-08 -1.927980383364615e-04 1.184999069152423e-05
3.271062532477638e+02    MJD1A14 1.644054844874545e-06 -1.641890495906597e-09 -1.782460061880360e-04 1.695757544816667e-05
3.323214572477638e+02       D161 1.635492050992732e-06 -1.641890495906597e-09 -8.980879088045590e-05 1.695757544816667e-05
3.323214572477638e+02    IPM1A36 1.635492050992732e-06 -1.641890495906597e-09 -8.980879088045590e-05 1.695757544816667e-05
3.326211072477638e+02       D162 1.635000058505634e-06 -1.641890495906597e-09 -8.472745339741242e-05 1.695757544816667e-05
3.327711072477638e+02    MQB1A36 1.617724668593522e-06 -2.283004697920369e-07 -8.304281484873837e-05 5.542797853531518e-06
3.330398572477637e+02       D163 1.556368917336923e-06 -2.283004697920369e-07 -8.155318792560202e-05 5.542797853531518e-06
3.330398572477637e+02   MBT1A36H 1.556368917336923e-06 -2.283004697920369e-07 -8.155318792560202e-05 5.542797853531518e-06
3.382859519477636e+02       D164 3.586830327534288e-07 -2.283004697920369e-07 -5.247514548301945e-05 5.542797853531518e-06
3.392875601377636e+02    MJD1A15 1.003971584545505e-07 -3.177728193857177e-07 -4.618930247706662e-05 6.900955518911764e-06
3.448024019377636e+02       D165 -1.652069668797649e-06 -3.177728193857177e-07 -8.131624521431466e-06 6.900955518911764e-06
3.449524019377636e+02    MQB1A37 -1.715909598232023e-06 -5.348104046306934e-07 -7.022518206050137e-06 7.863815928052301e-06
3.454166419377636e+02       D166 -1.964189980477784e-06 -5.348104046306934e-07 -3.371820299610995e-06 7.863815928052301e-06
3.454166419377636e+02   MBT1A37V -1.964189980477784e-06 -5.348104046306934e-07 -3.371820299610995e-06 7.863815928052301e-06
3.481595719377636e+02       D167 -3.431137483651453e-06 -5.348104046306934e-07 1.819807632392151e-05 7.863815928052301e-06
3.481595719377636e+02    IPM1A38 -3.431137483651453e-06 -5.348104046306934e-07 1.819807632392151e-05 7.863815928052301e-06
3.484592219377637e+02       D168 -3.591393421399052e-06 -5.348104046306934e-07 2.055446876676254e-05 7.863815928052301e-06
3.486092219377637e+02    MQL1A38 -3.580070160918157e-06 6.851617085505348e-07 2.225893795489349e-05 1.495854345405725e-05
3.488779719377636e+02       D169 -3.395932951745232e-06 6.851617085505348e-07 2.627904650817070e-05 1.495854345405725e-05
3.488779719377636e+02   MBT1A38H -3.395932951745232e-06 6.851617085505348e-07 2.627904650817070e-05 1.495854345405725e-05
3.518163801377636e+02       D170 -1.382648169014309e-06 6.851617085505348e-07 7.023335325362929e-05 1.495854345405725e-05
3.518163801377636e+02    IPM1A39 -1.382648169014309e-06 6.851617085505348e-07 7.023335325362929e-05 1.495854345405725e-05
3.521160301377637e+02       D171 -1.177339463047128e-06 6.851617085505348e-07 7.471568079963783e-05 1.495854345405725e-05
3.522660301377637e+02    MQB1A39 -1.088841464147382e-06 4.972737134929492e-07 7.603943871263199e-05 2.655903472178977e-06
3.577808803377636e+02       D172 1.653548574163907e-06 4.972737134929492e-07 9.068634850735867e-05 2.655903472178977e-06
3.587824885277636e+02    MJD1A16 2.114764228777978e-06 3.881264513303461e-07 9.209855593208335e-05 1.397756470101195e-07
3.614649015277636e+02       D173 3.155879667470356e-06 3.881264513303461e-07 9.247349194470671e-05 1.397756470101195e-07
3.616149015277635e+02    MQB1A40 3.189843933821391e-06 6.415509615583978e-08 9.319290347097141e-05 9.464495640937292e-06
3.620791415277636e+02       D174 3.219627295660778e-06 6.415509615583978e-08 9.758670092732031e-05 9.464495640937292e-06
3.620791415277636e+02   MBT1A40V 3.219627295660778e-06 6.415509615583978e-08 9.758670092732031e-05 9.464495640937292e-06
3.640001515277636e+02       D175 3.342869876927107e-06 6.415509615583978e-08 1.157680916985174e-04 9.464495640937292e-06
3.640001515277636e+02    IPM1R01 3.342869876927107e-06 6.415509615583978e-08 1.157680916985174e-04 9.464495640937292e-06
3.642998015277636e+02       D176 3.362093951490205e-06 6.415509615583978e-08 1.186041278173245e-04 9.464495640937292e-06
3.644498015277636e+02    MQB1R01 3.321937422886798e-06 -5.982665955842545e-07 1.217688911673071e-04 3.283615192242098e-05
3.647185515277636e+02       D177 3.161153275323558e-06 -5.982665955842545e-07 1.305936069964563e-04 3.283615192242098e-05
3.647185515277636e+02   MBT1R01H 3.161153275323558e-06 -5.982665955842545e-07 1.305936069964563e-04 3.283615192242098e-05
3.654201015277636e+02       D178 2.741439345191424e-06 -5.982665955842545e-07 1.536298093776306e-04 3.283615192242098e-05
3.654201015277636e+02    ITV1R01 2.741439345191424e-06 -5.982665955842545e-07 1.536298093776306e-04 3.283615192242098e-05
3.700001515277636e+02       D179 1.348424085742287e-09 -5.982665955842545e-07 3.040210269899159e-04 3.283615192242098e-05
3.700001515277636e+02    IPM1R02 1.348424085742287e-09 -5.982665955842545e-07 3.040210269899159e-04 3.283615192242098e-05
3.702998015277636e+02       D180 -1.779221612810915e-07 -5.982665955842545e-07 3.138603799134699e-04 3.283615192242098e-05
3.704498015277636e+02    MQL1R02 -2.717168044559306e-07 -6.564922593977486e-07 3.126631811798028e-04 -4.874763614267866e-05
3.709140415277636e+02       D181 -5.764867709587534e-07 -6.564922593977486e-07 2.900325785769248e-04 -4.874763614267866e-05
3.709140415277636e+02   MBT1R02V -5.764867709587534e-07 -6.564922593977486e-07 2.900325785769248e-04 -4.874763614267866e-05
3.745805715277636e+02       D182 -2.983535334808358e-06 -6.564922593977486e-07 1.112979082307106e-04 -4.874763614267866e-05
3.745805715277636e+02    IDA1R02 -2.983535334808358e-06 -6.564922593977486e-07 1.112979082307106e-04 -4.874763614267866e-05
3.760001515277636e+02       D183 -3.915478616404216e-06 -6.564922593977486e-07 4.209673891528686e-05 -4.874763614267866e-05
3.760001515277636e+02    IPM1R03 -3.915478616404216e-06 -6.564922593977486e-07 4.209673891528686e-05 -4.874763614267866e-05
3.762998015277636e+02       D184 -4.112196521932765e-06 -6.564922593977486e-07 2.748950974513223e-05 -4.874763614267866e-05
3.764498015277636e+02    MQL1R03 -4.099696351197229e-06 8.224309224681320e-07 2.084690794977755e-05 -4.021968905893518e-05
3.767185515277636e+02       D185 -3.878668040783956e-06 8.224309224681320e-07 1.003786651519053e-05 -4.021968905893518e-05
3.767185515277636e+02   MBT1R03H -3.878668040783956e-06 8.224309224681320e-07 1.003786651519053e-05 -4.021968905893518e-05
3.820001515277636e+02       D186 4.650831193237558e-07 8.224309224681320e-07 -2.023864432184827e-04 -4.021968905893518e-05
3.820001515277636e+02    IPM1R04 4.650831193237558e-07 8.224309224681320e-07 -2.023864432184827e-04 -4.021968905893518e-05
3.822998015277636e+02       D187 7.115245452413477e-07 8.224309224681320e-07 -2.144382730449935e-04 -4.021968905893518e-05
3.824498015277636e+02    MQL1R04 8.489665824102230e-07 1.015918009589635e-06 -2.164736343735795e-04 1.316435737747056e-05
3.829140415277636e+02       D188 1.320596359182134e-06 1.015918009589635e-06 -2.103622131046624e-04 1.316435737747056e-05
3.829140415277636e+02   MBT1R04V 1.320596359182134e-06 1.015918009589635e-06 -2.103622131046624e-04 1.316435737747056e-05
3.834195015277636e+02       D189 1.834102276309282e-06 1.015918009589635e-06 -2.037081570246464e-04 1.316435737747056e-05
3.834195015277636e+02    ITV1R04 1.834102276309282e-06 1.015918009589635e-06 -2.037081570246464e-04 1.316435737747056e-05
3.861093015277636e+02       D190 4.566718538503454e-06 1.015918009589635e-06 -1.682986685507265e-04 1.316435737747056e-05
3.862593015277636e+02    MQB1R05 4.773056182168562e-06 1.740640503037870e-06 -1.643916088738435e-04 3.883022514365944e-05
3.878096515277635e+02       D191 7.471658186053289e-06 1.740640503037870e-06 -1.041911693223719e-04 3.883022514365944e-05
3.878096515277635e+02    IPM1R06 7.471658186053289e-06 1.740640503037870e-06 -1.041911693223719e-04 3.883022514365944e-05
3.881093015277636e+02       D192 7.993241112788626e-06 1.740640503037870e-06 -9.255569235807355e-05 3.883022514365944e-05
3.882593015277636e+02    MQL1R06 8.001771826723336e-06 -1.627485985827257e-06 -8.956576975637884e-05 1.246443621189985e-06
3.885280515277635e+02       D193 7.564384968032329e-06 -1.627485985827257e-06 -8.923078803318409e-05 1.246443621189985e-06
3.885280515277635e+02   MBT1R06H 7.564384968032329e-06 -1.627485985827257e-06 -8.923078803318409e-05 1.246443621189985e-06
3.901093015277635e+02       D194 4.990922752943093e-06 -1.627485985827257e-06 -8.725984905717751e-05 1.246443621189985e-06
3.902593015277635e+02    MQL1R07 4.840716534794391e-06 -3.817019706337348e-07 -8.543210795531803e-05 2.304767173575956e-05
3.907235415277635e+02       D195 4.663515211947380e-06 -3.817019706337348e-07 -7.473245682870858e-05 2.304767173575956e-05
3.907235415277635e+02   MBT1R07V 4.663515211947380e-06 -3.817019706337348e-07 -7.473245682870858e-05 2.304767173575956e-05
3.911782775277634e+02       D196 4.489941584629281e-06 -3.817019706337348e-07 -6.425185077427638e-05 2.304767173575956e-05
3.921916280673635e+02    MXI1R01 3.911884765291124e-06 -7.315965203429865e-07 -4.080964871920787e-05 2.385066672692268e-05
3.925693749073634e+02       D197 3.635526491576598e-06 -7.315965203429865e-07 -3.180013473122076e-05 2.385066672692268e-05
3.935827254469634e+02    MXI1R02 2.740293969485642e-06 -9.894917551541101e-07 -7.646431724917225e-06 2.471981987950426e-05
3.939530089169634e+02       D198 2.373901528850784e-06 -9.894917551541101e-07 1.506908957840691e-06 2.471981987950426e-05
3.939530089169634e+02    IPM1R08 2.373901528850784e-06 -9.894917551541101e-07 1.506908957840691e-06 2.471981987950426e-05
3.941764589169633e+02       D199 2.152799596161684e-06 -9.894917551541101e-07 7.030552709913741e-06 2.471981987950426e-05
3.944764589169633e+02    MQN1R08 2.029863735146720e-06 1.579074790723220e-07 1.366850264466918e-05 1.895390842436943e-05
3.957593100169634e+02       D200 2.232435518372877e-06 1.579074790723220e-07 3.798354491617115e-05 1.895390842436943e-05
3.957593100169634e+02    IPM1R09 2.232435518372877e-06 1.579074790723220e-07 3.798354491617115e-05 1.895390842436943e-05
3.960577600169634e+02       D201 2.279563005502007e-06 1.579074790723220e-07 4.364033888542383e-05 1.895390842436943e-05
3.962077600169633e+02    MQL1R09 2.246774170090965e-06 -5.933280471390755e-07 4.757853261214788e-05 3.377295824324926e-05
3.963985140169633e+02       D202 2.133594471787016e-06 -5.933280471390755e-07 5.402085948887965e-05 3.377295824324926e-05
3.963985140169633e+02   MBT1R09H 2.133594471787016e-06 -5.933280471390755e-07 5.402085948887965e-05 3.377295824324926e-05
4.019630079169633e+02       D203 -1.167975827217281e-06 -5.933280471390755e-07 2.419502796183949e-04 3.377295824324926e-05
4.019630079169633e+02    IPM1R10 -1.167975827217281e-06 -5.933280471390755e-07 2.419502796183949e-04 3.377295824324926e-05
4.022614579169633e+02       D204 -1.345054582885927e-06 -5.933280471390755e-07 2.520298190060920e-04 3.377295824324926e-05
4.024114579169633e+02    MQB1R10 -1.448896995289841e-06 -7.937538995138380e-07 2.543782484364387e-04 -2.516182973561322e-06
4.026022119169633e+02       D205 -1.600308726637680e-06 -7.937538995138380e-07 2.538982764695001e-04 -2.516182973561322e-06
4.026022119169633e+02   MBT1R10H -1.600308726637680e-06 -7.937538995138380e-07 2.538982764695001e-04 -2.516182973561322e-06
4.027980459169632e+02       D206 -1.755752727795066e-06 -7.937538995138380e-07 2.534055222930557e-04 -2.516182973561322e-06
4.027980459169632e+02   MBT1R10V -1.755752727795066e-06 -7.937538995138380e-07 2.534055222930557e-04 -2.516182973561322e-06
4.032753415269634e+02       D207 -2.134607979453475e-06 -7.937538995138380e-07 2.522045592058178e-04 -2.516182973561322e-06
4.042835950515633e+02    MXJ1R04 -2.851238322364564e-06 -5.833504454188014e-07 2.471737211280629e-04 -7.747994340880806e-06
4.076456183515634e+02       D208 -4.812476111927970e-06 -5.833504454188014e-07 2.211247836257532e-04 -7.747994340880806e-06
4.076456183515634e+02   IPM1R10A -4.812476111927970e-06 -5.833504454188014e-07 2.211247836257532e-04 -7.747994340880806e-06
4.081065387215634e+02       D209 -5.081354215070072e-06 -5.833504454188014e-07 2.175535752073965e-04 -7.747994340880806e-06
4.091298578066634e+02    MXQ1R06 -5.130296594044850e-06 -5.897904201515082e-08 2.218904548924887e-04 -7.037325525674428e-06
