5.20284e-06
9.12738e-08
0.0185611
0
4.30816e-06
5.32025e-07
6.00461e-08
7.40577e-07
3.18709e-07
4.76876e-08
9.5452e-07
9.07831e-07
2.78426e-11
2.54825e-06
2.2099e-05
6.2249e-06
3.68236e-06
6.74408e-07
6.98402e-07
2.39294e-06
3.46332e-08
3.46332e-08
3.59823e-06
1.48089e-05
8.21711e-06
3.53428e-06
3.48252e-06
1.03458e-06
3.07818e-09
3.15894e-06
3.55869e-06
5.55322e-06
9.83153e-06
0.0012637
0.00727724
0.0120016
0.0139775
0.0105248
0.00218667
0.00619178
0.0398964
0.075421
0.0439614
0.0359311
0.0169079
0.0210837
204.372
0.00243242
