3.01613e-07
4.86026e-07
0.580201
0
2.26146e-05
1.39922e-05
6.51825e-06
0.000113068
0.000175757
0.00108471
0.000190448
4.42895e-05
4.53402e-05
0.000694876
0.000294885
0.000562516
0.000125427
8.43247e-05
1.56815e-05
1.51714e-06
3.27518e-05
5.83782e-05
0.000898361
0.000482326
3.48864e-05
0.000144266
0.000282327
0.000210993
0.000434885
0.000245779
9.12105e-06
0.000577207
0.0011322
7.31979e-05
2.30832e-05
4.82186e-05
0.000143034
0.000236737
0.000504538
3.04735e-05
2.8052e-05
5.84564e-05
0.00141212
3.22254e-05
0.000589852
2.69755e-05
4.29739
0.00768873
