0.967946 0.251157
0.950071 0.312027
0.92837 0.371658
0.902927 0.429798
0.873852 0.486197
0.841256 0.540637
0.80527 0.592914
0.766041 0.642793
0.723735 0.690082
0.678509 0.734586
0.630553 0.776141
0.580057 0.814582
0.527225 0.849726
0.472271 0.881447
0.415415 0.909627
0.356886 0.934147
0.29692 0.954902
0.235759 0.971811
0.173648 0.984807
0.110838 0.993838
0.0475819 0.998867
-0.015866 0.999873
-0.0792503 0.996855
-0.142315 0.989821
-0.204807 0.978801
-0.266474 0.963842
-0.327068 0.945001
-0.386345 0.922353
-0.444067 0.895994
-0.5 0.866025
-0.55392 0.83257
-0.60561 0.795762
-0.654861 0.75575
-0.701473 0.712691
-0.745262 0.666766
-0.786051 0.618156
-0.823679 0.567063
-0.85798 0.513673
-0.888836 0.458229
-0.91611 0.400933
-0.939696 0.342023
-0.95949 0.28173
-0.975432 0.220313
-0.987436 0.157997
-0.995469 0.0950516
-0.999496 0.0317261
-0.999496 -0.0317301
-0.995469 -0.0950599
-0.987436 -0.158008
-0.975432 -0.220308
-0.95949 -0.281733
-0.939696 -0.342015
-0.91611 -0.400926
-0.888836 -0.458228
-0.85798 -0.513682
-0.823679 -0.567062
-0.786051 -0.618167
-0.745262 -0.666764
-0.701473 -0.712699
-0.654861 -0.755749
-0.60561 -0.795758
-0.55392 -0.832564
-0.5 -0.866031
-0.444067 -0.89599
-0.386345 -0.922354
-0.327068 -0.945002
-0.266474 -0.963841
-0.204807 -0.978802
-0.142315 -0.98982
-0.0792503 -0.996855
-0.015866 -0.999874
0.0475819 -0.998868
0.110838 -0.993839
0.173648 -0.984808
0.235759 -0.971812
0.29692 -0.954902
0.356886 -0.934148
0.415415 -0.909632
0.472271 -0.881453
0.527225 -0.849725
0.580057 -0.814576
0.630553 -0.776146
0.678509 -0.734592
0.723735 -0.69008
0.766041 -0.642784
0.80527 -0.592909
0.841256 -0.540643
0.873852 -0.4862
0.902927 -0.429795
0.92837 -0.371666
0.950071 -0.312034
0.967946 -0.251144
0.981926 -0.189247
0.991955 -0.126592
0.997985 -0.0634202
1 -2.2489e-06
0 0
